"Settimana","regione","0-2","3-5","6-10","11-13","14-18","19-24","25-44","45-64","65-79","80-84","85+"
"1","Emilia-Romagna",161.14,191.21,232.6,304.28,294.23,376.21,327.16,294.85,239.54,282.12,359.53
"2","Emilia-Romagna",145.74,148.21,190.63,247.72,235.39,246,223.1,212.08,174.48,211.32,335.13
"3","Emilia-Romagna",140.61,231.46,200.5,233.39,194.49,194.08,183.01,179.54,140.4,188.08,326.65
"4","Emilia-Romagna",123.16,247.93,201,246.13,217.43,186.66,184.92,185.33,124.49,149.36,240.21
"5","Emilia-Romagna",139.58,200.36,261.74,289.94,275.78,221.69,197.39,191.78,118.29,132.21,196.73
"6","Emilia-Romagna",160.11,200.36,294.33,320.21,323.16,235.7,213.89,200.87,125.19,151.02,177.11
"7","Emilia-Romagna",225.8,270.8,364.46,379.95,353.08,323.47,291.1,243.97,161.1,172.59,175.52
"8","Emilia-Romagna",260.69,348.57,460.27,474.74,497.21,497.77,425.67,381.72,250.66,240.64,232.79
"9","Emilia-Romagna",359.22,432.74,536.81,595.02,559.05,634.57,484.08,450.41,290.37,264.98,291.65
