"età","39","40","41","42","43","44","45","46","47","48","49","50","51","52","53","1","2","3","4","5","6","7","8","9","10","11","12","13","14","15","16","17","18"
"90+",19.9,31.8,78.9,137,274.9,425,577.2,681.2,665.4,609.1,544.1,442.1,418.2,304.7,346.5,357.5,316.2,267.9,207.6,176,151.8,137.3,171,199,217.2,237.3,234.5,216.6,149.8,127.5,106.8,81.1,64.9
"80-89",13,20.8,47.7,84.5,169,274.8,380.7,421.7,416.2,339.8,290,241.9,227.5,183.6,221.5,233,190.9,161.5,142.3,132.5,116.2,118.5,156.5,186.7,211.2,208.7,203.6,180.9,123.7,110.6,84.1,62.2,44.1
"70-79",12.8,18.4,36.6,73.1,140.4,230.1,308.7,343.1,318.4,243.8,199.7,169.7,162.7,145.3,175.7,183.3,144.7,120.1,109.2,106.6,106.4,113.6,159,189.4,218.7,215.1,206.8,192.3,143,133.7,109.1,89.4,68.2
"60-69",17.4,22.1,45.6,96.7,180,291.4,373.4,392.4,361.1,269.4,217.8,182.7,177.7,156.5,196.1,201.2,154.1,130.2,125.3,120.2,119.3,130.1,180.1,222.8,246.8,243.1,237.8,215.5,161.8,151.6,134,113.1,88.3
"45-59",22.3,29.8,63.9,130.3,252.9,405.3,500.8,502.8,443.7,324.4,257.2,222.3,209.1,185.7,224.3,232.1,176.5,151.1,145.6,143.5,146.2,157.8,225.1,274.9,306.9,297,283.5,255.1,187,172.9,157.7,133,108.1
"25-44",25.9,36.2,74.8,149.7,279.2,414.4,482.6,465.3,412.7,298.7,243.5,208.5,205.4,178.3,226.5,240.1,175.5,146.6,145.1,144.6,145,167.2,232.4,277.3,301.1,283.7,271.3,243.3,183.9,181.7,170.8,152.3,125.1
"19-24",28.7,45.8,88.4,179.8,340.2,469.4,514.4,476.5,392.8,291.2,237.5,201.9,206.1,174.1,225.2,256,186.1,150.1,140.9,143.5,148.2,169.7,254.1,313.2,339.7,313.2,299.3,271.1,200.8,204.1,181.3,151,129.9
"14-18",22.5,39.4,91,201.7,345.9,429.1,405.2,338.5,285.5,220.5,183.1,156.3,150.4,129.1,177.7,210.4,168.2,132.1,137.9,147.5,164.4,190.6,259.5,304,319.6,295.4,286.4,252.4,196.8,202.7,189.6,174.6,144.2
"11-13",15.8,31,69.2,152.1,247.3,366.8,390.2,334.2,277.9,226,195.5,173,162.1,130.9,160.7,179.8,149,136.5,148,159.1,170.8,183,241.9,287.4,296.3,265.9,248.2,220.2,179.5,201.5,201.4,191.5,159.5
"06-10",15.1,25,55.2,100.8,152.9,218.6,265.4,259.8,216.1,179.2,161,130.9,130.3,111.5,131.9,136.5,120.1,122.6,137.9,150.6,149.9,162.9,201.3,254.3,247,227.9,208.3,182.3,157.5,178,199.2,184.2,157.2
"03-5",15.1,20.1,35.7,61.2,86.2,118,143.9,153.3,133.3,111.1,101.5,98.4,92.7,84.2,95.6,99.2,88.4,112.4,127,128.1,124.5,131.8,172.9,215,216.2,188.4,166.9,146.4,131.1,156.5,213.9,191.6,156.4
"0-2",17.7,24.2,37.9,61.8,84.1,128,147.8,143.3,123.8,102.2,98.1,81.9,79.7,74.3,87,87.5,79.5,73.4,82,77,85.1,90.8,118.3,165.3,174.4,159.7,157.6,150.1,126.4,136.5,136.3,130.4,105.5
