"regione","età","39","40","41","42","43","44","45","46","47","48","49","50","51","52","53","1","2","3","4","5","6","7","8","9","10","11","12","13","14","15","16","17","18","19","20","21","22","23"
"Veneto","90+",38.162,54.953,96.169,112.96,264.08,465.58,612.12,773.93,1073.1,986.11,1271.6,1093,1209,828.88,902.15,676.23,519,305.3,164.86,145.02,99.221,71.745,97.695,125.17,119.07,204.55,201.5,212.18,99.221,97.69501,65.63883,53.42696,53.42696,15.26485,13.73836,7.632423,3.052969,7.632423
"Veneto","80-89",18.428,32.42,54.602,75.078,138.89,266.87,366.52,477.77,545.68,535.1,602.67,608.81,633.04,516.67,553.19,445.01,284.61,172.34,117.74,97.601,72.348,73.713,102.72,132.07,158.69,175.07,180.53,134.46,89.411,82.5854,52.89561,36.51503,23.54708,11.94417,9.555336,5.460192,3.41262,2.047572
"Veneto","70-79",14.36,17.798,36.202,62.697,124.38,246.94,329.66,381.84,380.23,366.07,413.6,475.69,476.7,443.12,433.01,346.05,190.32,120.14,89.394,76.652,77.056,76.854,108.2,133.28,186.67,195.37,185.87,151.28,93.438,84.94407,77.0564,51.97768,42.26979,24.06749,15.57308,9.707894,2.831469,2.224726
"Veneto","60-69",23.209,22.38,44.761,82.558,168.6,329.4,413.79,408.81,407.65,388.09,456.06,518.39,518.72,471.48,485.07,368.36,181.53,120.36,91.676,76.259,70.622,94.494,128.81,163.79,214.52,232.92,223.47,177.72,111.24,112.0671,104.2755,83.71877,62.66474,36.96888,22.54605,13.0966,9.449445,5.636511
"Veneto","45-59",30.984,36.232,66.8,111.69,227.89,415.79,513.74,517.16,497.33,493.08,531.32,621.27,599.7,556.22,544.64,423.29,219.89,149.42,112.53,88.955,93.619,120.52,168.25,214.39,269.61,293.52,271.78,214.97,147.43,135.1818,132.1001,106.0299,81.7921,53.72291,36.98136,27.9026,16.90814,9.495213
"Veneto","25-44",37.415,53.258,82.169,132.38,251.07,426.87,488.81,472.52,476.72,456.76,496.06,564.98,555.58,503.75,532.58,404.31,202.65,150.73,112.51,99.802,100.97,120.57,168.63,219.03,279.27,276.67,268.08,203.01,141.33,141.0654,147.5996,121.0155,91.65673,58.27005,39.47326,31.32798,20.31844,14.05284
"Veneto","19-24",45.505,60.906,100.81,137.91,340.58,468.7,529.95,492.5,460.3,470.1,504.05,595.06,586.31,534.5,582.11,445.94,220.87,145.96,102.56,92.759,107.11,140.71,197.07,257.63,323.43,316.43,278.28,236.27,151.21,147.0146,147.0146,117.2616,103.6103,54.60541,45.85454,31.15308,24.50243,23.80236
"Veneto","14-18",24.529,49.918,96.824,119.2,246.15,365.78,404.51,329.2,326.19,303.38,341.68,426.03,409.67,378.26,443.24,363.2,210.43,136.84,94.242,89.509,95.964,140.72,180.74,257.77,320.6,276.7,292.19,211.29,163.96,160.9433,160.0826,157.931,128.2382,85.6356,64.11912,37.00835,25.81978,21.51648
"Veneto","11-13",25.462,42.437,56.583,89.118,169.04,282.21,407.4,424.37,426.5,345.86,407.4,500.76,453.37,373.45,399.62,315.45,175.41,149.95,123.07,106.8,106.8,106.09,141.46,227.75,280.79,267.36,260.99,158.43,155.6,164.091,194.5044,158.4326,154.8962,88.41108,46.68105,42.43732,23.34052,11.31662
"Veneto","06-10",22.069,25.222,32.878,62.604,118,213.93,274.74,269.33,262.58,274.29,311.67,345.9,330.58,308.07,322.03,246.81,146.38,140.52,118,86.474,106.74,114.85,138.27,210.78,237.35,192.77,204.48,147.28,108.99,140.0705,160.338,145.9256,127.9101,77.91705,40.08449,31.97752,21.16822,19.81705
"Veneto","03-5",25.414,19.484,34.733,32.192,50.829,105.89,155.88,141.47,171.97,155.03,166.89,221.11,230.42,239.74,210.94,166.04,110.98,121.99,115.21,105.05,104.2,89.798,105.05,207.55,239.74,160.96,146.56,86.409,86.409,119.448,199.9271,160.1111,118.6008,60.99472,46.59319,21.17872,14.40153,20.33157
"Veneto","0-2",22.728,34.092,38.826,42.614,71.024,116.48,155.31,164.78,182.77,178.98,175.19,195.08,223.49,197.92,184.66,167.62,107.96,89.017,86.176,75.759,79.547,74.812,103.22,122.16,164.78,143,158.15,137.31,105.12,128.7903,127.8433,102.2747,80.49395,60.60721,31.25059,29.35662,12.31084,13.25783
