"regione","età","39","40","41","42","43","44","45","46","47","48","49","50","51","52","53","1","2","3","4","5","6","7","8","9","10","11","12","13","14","15","16","17","18","19","20","21","22","23","24","25"
"campania","90+",10.2,14.3,73.4,61.2,81.6,218.2,405.8,440.4,407.8,360.9,230.4,177.4,112.1,71.4,134.6,179.4,177.4,159,106,195.7,181.5,161.1,175.4,212.1,201.9,252.8,238.6,234.5,183.5,179.4,197.8,114.2,114.2,57.1,40.8,38.7,34.7,24.5,8.2,10.2
"campania","80-89",16.1,21.9,61.9,74.4,127.7,223.7,388.2,387.4,381.2,274.6,216.2,158.7,111.6,87.7,116.7,124.6,129.3,125.4,120.7,151.2,135.5,143.4,186.1,224.1,227.6,202.9,207.6,175.9,144.9,143.8,130.1,94.8,76,58,31.7,29,26.2,11.8,7.1,5.1
"campania","70-79",19.6,32.2,56.2,89.6,163.7,266.7,385.2,409.6,376.4,257.6,195.3,147.8,100.1,82.8,99.7,123.3,117.9,91.5,109.4,134.6,141,134.2,190.1,244,242,226.9,224,202.1,185,195.5,174.9,143.3,112.1,69,44.2,36.1,31.8,16.1,12.2,9.1
"campania","60-69",30,40.1,66.5,131.5,217.3,331.2,462.5,453.7,421.8,293.9,207.5,154.6,107.2,85.7,114,138.3,122.4,102.7,131.8,157.6,163.8,155.9,217.9,267.3,269.2,255.5,224.3,222.8,199.9,224.8,190.4,176.2,147.3,106.6,56.5,40.4,37.1,18.5,10.7,9.8
"campania","45-59",35.9,50,82.6,162.9,256.3,394.8,557.2,520.7,475.1,329.1,208.5,163.6,112.5,93.7,120.7,135,121.9,119.3,140.7,164.4,170.3,160.8,229.7,299.4,299.7,267,250.3,240.5,204.5,231.1,219.9,190,154.5,112.4,63.2,46.8,42.9,21.9,11.3,9.2
"campania","25-44",37.6,49.8,95.8,194.5,297.7,423,539.8,481.6,445.6,293.7,194.6,161,113.7,97.6,131.4,149.6,126.7,115.3,146.9,166.3,168.8,172.3,250.7,308.2,310.7,260.9,250.7,240.2,229,255.3,242.9,222.2,176.8,128.2,73.5,59.2,57.8,30.8,15.4,15.3
"campania","19-24",36.4,65.2,96,194.6,319.4,429.6,557.1,524.3,454.5,314.5,199.1,143.9,121.8,88.3,120.1,143.5,138.8,118.6,140.3,153.5,175.2,163.1,261.1,320.9,323.6,284.9,251.5,276.8,218,262,217,219.5,178.1,135.1,81,63.7,66.2,35.2,22.4,18.5
"campania","14-18",25.6,32.8,83.5,175.3,249.4,308.8,392.3,354.7,361.6,246.9,170.3,122.8,92.5,68.1,95,116.6,119.1,98.8,120,153.2,191,184.4,250.4,308.5,302.9,254.4,245.7,229.7,201.6,252.2,231.3,227.5,180,129.1,89.1,70,62.5,27.5,15.9,16.3
"campania","11-13",17.1,34.7,86.6,159.4,221.7,239.4,259.2,262.5,262.5,206.8,143.4,94.9,80,61.2,87.1,105.9,103.1,93.2,120.8,190.3,202.4,158.8,219.5,267.5,260.9,232.2,210.1,191.4,217.3,269.2,281.8,258.1,206.8,128,90.5,68.9,48,20.4,14.9,8.3
"campania","06-10",16.2,35.6,80.6,127,165.9,157.2,193.6,190.3,193.2,158.7,123.8,73.4,74.8,58.3,73.8,89.2,93.2,107.6,147.9,205.1,182.8,161.5,190.7,255.5,232.4,204,180.6,183.1,188.2,263,311.9,293.6,211.2,144.6,78.1,61.9,57.6,23.7,10.8,11.5
"campania","03-5",18.6,17.3,49.8,77.7,117.5,121.5,143.4,132.1,135.4,115.5,102.2,61.7,77,45.1,61.7,80.3,72.4,87.6,129.5,164,124.1,138.7,168.6,243.6,205.1,161.3,171.3,181.9,185.2,249.6,336.6,265.5,185.2,142.7,79.7,53.8,58.4,24.6,13.3,8.6
"campania","0-2",18.2,22.5,47,73.7,91.9,129.8,176.1,145.3,141.8,115.8,103.2,61.8,64.6,54,56.1,48.4,47.7,49.1,68.1,73.7,70.9,68.1,115.1,152.3,159.3,136.8,127,131.2,131.9,156.5,160.7,150.2,124.2,108.8,52.6,37.9,48.4,16.8,10.5,11.2
