"regione","età","39","40","41","42","43","44","45","46","47","48","49","50","51","52","53","1","2","3","4","5","6","7","8","9","10","11","12","13","14","15","16","17","18","19","20","21","22","23","24","25","26"
"P.A. Trento","90+",0,214.5922747,63.11537491,113.6076748,429.1845494,870.9921737,1199.192123,1426.407473,1009.845998,1540.015148,1704.115122,1136.076748,870.9921737,934.1075486,820.4998738,795.2537238,605.9075991,391.3153244,366.0691745,214.5922747,201.9691997,214.5922747,340.8230245,214.5922747,201.9691997,252.4614996,189.3461247,164.0999748,37.86922494,50.5,63.1,63.1,50.5,37.9,12.6,25.2,25.2,12.6,0,0,0
"P.A. Trento","80-89",9.847689076,65.6512605,52.5210084,118.1722689,226.4968487,384.0598739,718.8813025,689.3382353,630.2521008,669.6428571,666.3602941,751.7069328,423.4506303,269.1701681,436.5808824,551.4705882,426.7331933,256.039916,249.4747899,301.9957983,246.1922269,249.4747899,292.1481092,216.6491597,279.0178571,223.2142857,144.4327731,118.1722689,65.6512605,72.2,36.1,36.1,9.8,26.3,13.1,16.4,6.6,16.4,6.6,6.6,0
"P.A. Trento","70-79",24.84899457,36.3177613,32.49483905,61.16675587,126.156434,210.2607233,345.9744629,338.3286184,300.099396,313.4796238,302.0108571,317.3025461,254.2243291,164.3856564,342.1515406,355.5317685,277.1618625,198.7919566,210.2607233,240.8441012,256.1357902,300.099396,303.9223182,284.807707,240.8441012,204.5263399,212.1721844,131.8908173,114.6876673,66.9,74.5,45.9,40.1,38.2,28.7,15.3,19.1,9.6,3.8,0,0
"P.A. Trento","60-69",20.8871052,38.79033822,28.34678562,70.12099602,177.5403942,240.2017098,262.580751,241.6936458,232.7420293,229.7581572,250.6452624,329.7178749,216.3307324,92.5000373,265.5646232,432.6614648,325.2420666,174.556522,207.3791159,232.7420293,256.6130067,311.8146419,311.8146419,311.8146419,273.0243036,235.7259015,253.6291345,156.653289,126.8145673,97,108.9,59.7,50.7,31.3,31.3,19.4,9,10.4,6,4.5,6
"P.A. Trento","45-59",39.21353337,39.99780404,54.89894672,104.3079988,226.6542229,307.4341017,365.4701311,309.7869137,248.6138016,271.357651,305.0812897,384.2926271,265.0834856,126.2675775,279.9846283,478.4051072,344.294823,215.6744336,243.1239069,295.6700416,287.827335,333.3150337,427.4275138,367.8229431,388.2139804,338.8049284,269.004839,216.4587042,116.0720588,133.3,109.8,99.6,87.1,73.7,54.1,44.7,22,15.7,7.1,0,3.1
"P.A. Trento","25-44",67.1294651,55.2830889,48.9650216,91.6119759,260.6202763,272.4666525,275.6256861,258.251001,204.5474289,205.3371874,253.5124505,345.9141849,217.973322,99.50956003,236.9275239,410.6743747,321.4316741,229.0299397,281.153995,293.7901296,293.0003712,366.4479036,405.9358242,377.5045214,356.1810442,300.8979553,290.6310959,196.6498448,132.6794134,119.3,121.6,101.9,95.6,71.1,64,48.2,36.3,30.8,7.9,8.7,10.3
"P.A. Trento","19-24",75.7002271,43.67320794,66.96558551,101.9041519,314.4470972,305.7124556,291.1547196,241.6584173,122.2849822,195.0736621,197.9852093,270.7738892,197.9852093,75.7002271,171.7812846,337.7394748,291.1547196,247.4815117,285.3316252,244.5699645,221.2775869,305.7124556,436.7320794,427.9974378,425.0858906,294.0662668,262.0392477,227.1006813,128.1080766,125.2,148.5,113.6,116.5,99,67,84.4,23.3,23.3,23.3,5.8,17.5
"P.A. Trento","14-18",42.89544236,60.76854334,75.06702413,210.9025916,325.2904379,382.484361,228.7756926,193.0294906,146.5594281,250.2234138,135.8355675,178.7310098,107.2386059,50.04468275,157.2832887,164.432529,210.9025916,175.1563896,189.4548704,146.5594281,239.4995532,300.2680965,361.0366399,350.3127793,428.9544236,268.0965147,214.4772118,193.0294906,128.6863271,143,135.8,125.1,96.5,78.6,57.2,53.6,60.8,39.3,7.1,17.9,14.3
"P.A. Trento","11-13",60.37553583,66.41308942,60.37553583,30.18776792,102.6384109,150.9388396,205.2768218,235.4645897,169.0515003,301.8776792,187.1641611,169.0515003,108.6759645,30.18776792,78.48819658,193.2017147,108.6759645,132.8261788,229.4270362,163.0139467,132.8261788,193.2017147,344.1405542,507.154501,398.4785365,307.9152327,259.6148041,181.1266075,96.60085733,126.8,144.9,90.6,96.6,114.7,42.3,66.4,36.2,18.1,6,6,0
"P.A. Trento","06-10",11.16445238,22.32890477,33.49335715,96.75858732,52.10077779,122.8089762,104.2015556,133.9734286,107.9230397,133.9734286,145.137881,141.4163969,63.26523017,18.60742064,59.54374605,89.31561907,78.15116669,111.6445238,186.0742064,197.2386588,111.6445238,234.4535001,349.819508,357.2624763,349.819508,312.6046667,279.1113096,104.2015556,74.42968256,134,85.6,78.2,100.5,85.6,89.3,70.7,33.5,26.1,3.7,0,0
"P.A. Trento","03-5",13.73720723,20.60581084,41.21162168,54.9488289,27.47441445,34.34301806,48.08022529,123.634865,116.7662614,103.0290542,109.8976578,116.7662614,54.9488289,13.73720723,20.60581084,41.21162168,61.81743252,103.0290542,267.8755409,185.4522975,144.2406759,226.6639192,549.488289,364.0359915,425.853424,357.1673879,240.4011265,109.8976578,116.7662614,75.6,109.9,144.2,144.2,130.5,34.3,61.8,20.6,54.9,6.9,0,0
"P.A. Trento","0-2",60.35913686,30.17956843,30.17956843,52.81424476,60.35913686,90.5387053,82.99381319,113.1733816,60.35913686,135.8080579,82.99381319,60.35913686,30.17956843,7.544892108,90.5387053,52.81424476,82.99381319,105.6284895,256.5263317,158.4427343,226.3467632,143.3529501,301.7956843,294.2507922,309.3405764,279.161008,248.9814396,143.3529501,60.35913686,135.8,105.6,120.7,75.4,75.4,7.5,15.1,60.4,22.6,30.2,15.1,7.5
