"regione","età","39","40","41","42","43","44","45","46","47","48","49","50","51","52","53","1","2","3","4","5","6","7","8","9","10","11","12","13","14"
"Marche","90+",0,11.7,35.2,50.9,227.1,434.6,293.7,556,426.8,332.8,285.8,379.8,379.8,313.2,442.4,505.1,485.5,512.9,419,262.3,305.4,231,285.8,270.2,348.5,309.3,242.8,215.3,141
"Marche","80-89",7.4,13,19.5,32.5,99.2,180.8,192.9,286.6,238.3,210.5,162.3,173.4,165.1,147.5,233.7,275.4,209.6,182.7,200.3,130.8,134.5,158.6,180.8,230,235.6,233.7,194.8,145.6,100.2
"Marche","70-79",7.1,6.4,21.8,36.6,91.1,159,171.9,248.8,189.8,159,121.2,134,128.3,134.7,191.7,202,157.1,160.3,151.3,130.8,114.1,126.3,199.4,223.2,262.3,239.8,180.2,177.6,135.3
"Marche","60-69",8.3,15,23.3,61.6,112.9,206,254.2,305.4,198.8,192.6,167.2,152.2,156.3,155.3,219,245.9,190.5,187.9,169.8,154.8,157.9,166.7,234,297.7,302.8,316.3,262.5,200.3,146.5
"Marche","45-59",12.1,14.7,31.6,59.6,154.7,258.3,289.6,348,243.9,232.9,220.2,184,178.7,186.6,273,282.3,244.2,201.8,189.1,186.3,191.7,197.6,323.2,407,392.6,377.4,276.3,247.3,175.3
"Marche","25-44",10.9,17.3,38.6,71.4,161.7,243.4,278.8,317.1,212.6,208.6,190.8,164.3,184.7,183,247.7,288.9,212.6,203.7,184.7,187.9,197.9,217.2,323.4,376.6,378.6,364,267.3,241.4,151.3
"Marche","19-24",18.6,22,30.2,83.5,205.3,313.2,319,353.8,234.3,222.7,214.6,133.4,171.7,126.5,255.2,305.1,229.7,192.6,193.7,187.9,181,218.1,407.2,432.7,438.5,378.2,316.7,232,165.9
"Marche","14-18",10.3,57.1,65.9,95.2,265.2,360.4,329.6,329.6,209.5,193.4,175.8,142.1,126,134.8,205.1,215.4,213.9,178.7,186.1,208,175.8,287.1,489.3,439.5,388.2,325.2,262.2,238.8,171.4
"Marche","11-13",7.2,24,33.6,96.1,124.9,273.8,269,276.2,163.3,221,237.8,187.3,141.7,124.9,175.3,199.3,175.3,177.7,170.5,192.1,266.6,319.4,432.3,429.9,377.1,293,249.8,225.8,141.7
"Marche","06-10",7.5,12,39.2,70.8,129.5,164.2,186.8,152.1,114.5,117.5,131,140.1,120.5,93.4,158.2,126.5,141.6,119,158.2,191.3,167.2,209.4,271.1,319.3,272.6,250,182.3,138.6,116
"Marche","03-5",14.1,25.4,11.3,42.3,48,64.9,90.3,115.7,59.3,90.3,67.7,67.7,70.5,79,95.9,95.9,79,73.4,112.9,166.5,129.8,121.3,208.8,172.1,174.9,163.6,149.5,76.2,87.5
"Marche","0-2",13.1,6.6,3.3,9.9,32.9,59.2,65.7,82.2,52.6,52.6,32.9,49.3,29.6,19.7,52.6,29.6,46,29.6,62.4,55.9,23,55.9,78.9,115,124.9,108.5,92,105.2,52.6
