"regione","età","39","40","41","42","43","44","45","46","47","48","49","50","51","52","53","1","2","3","4","5","6","7","8","9","10","11","12","13","14"
"Puglia","90+",0,24,108.9,115.5,163.4,146,300.6,409.6,374.7,411.7,322.4,202.6,324.6,230.9,180.8,176.5,257.1,268,281,137.2,174.3,80.6,115.5,132.9,176.5,281,296.3,315.9,278.9
"Puglia","80-89",7.6,12.1,47.7,56.2,86.8,125.5,204.7,267.3,294.7,286.2,221.4,171.4,193,159.3,149.4,169.6,181.8,165.1,179.1,130.9,124.2,109.3,121,170.1,197.5,228.1,249.7,247.9,184.9
"Puglia","70-79",11.5,11.3,27.9,34.1,77.1,102.9,165.7,199.5,227.1,213.3,185.1,146.5,161.3,131.9,142.1,171.3,160.3,157.5,130.1,120.1,135.5,130.8,147.5,167.7,204.3,245.6,258.4,288.3,208.2
"Puglia","60-69",16.7,19.8,29.9,42.2,96.8,137.1,193.3,245.5,253.8,269.7,236.7,182.7,180.5,150.3,176.2,181.7,180.3,161.5,161.9,160.5,149.5,133.2,160.9,199,245.3,273.6,311.9,320.6,229
"Puglia","45-59",17.6,24.4,36.6,58.6,99.9,168,228.5,296.1,304.4,296.9,253.7,202.8,201.8,158.4,182,223,213.7,185.7,192.8,174.7,170,142.9,202.8,240.9,282.9,317.2,358,362.6,269.7
"Puglia","25-44",16.7,19.4,38.9,60.1,113.8,170.9,216.6,267.5,269,266.6,245.8,187.2,198.8,145.7,199.4,249.3,215.8,172.5,183.4,162.6,161.8,147.8,197.9,242.8,280.5,307.1,337.2,340.6,253.6
"Puglia","19-24",13.9,16.2,39.4,56,104,161.2,224.2,242.3,266.7,246.6,225.3,206,194.8,163.9,194.8,271.3,220.3,180.9,168.9,156.1,161.9,145.7,197.1,270.5,292.6,310.3,352.1,360.2,274.4
"Puglia","14-18",9.9,16.3,31.1,46.4,116,151.1,193,182.7,200.4,198,181.2,128.4,154,117.5,159,199,197.5,165.9,163.4,136.3,135.3,127.4,171.3,225.1,255.7,284.9,342.6,332.3,257.7
"Puglia","11-13",3.5,10.6,15.9,41.4,85.4,157.6,131.2,143.5,158.5,180.5,155.9,125.1,129.5,111,100.4,170.8,168.2,161.2,192,168.2,155.9,148,167.3,192.9,273,286.2,325.8,294.1,234.3
"Puglia","06-10",7.4,14.8,32.9,49.9,104.4,105,111.2,112.9,108.4,122,122.6,103.3,105.5,88.5,110.1,136.8,139,133.3,158.3,176.5,136.2,140.2,205.4,225.3,251.9,237.2,263.3,231.5,198.6
"Puglia","03-5",10.6,10.6,19.2,35.1,42.6,59.6,54.3,105.3,123.4,110.7,95.8,101.1,90.4,70.2,79.8,113.8,108.5,113.8,127.7,133,131.9,125.6,162.8,210.7,217.1,195.8,201.1,205.3,156.4
"Puglia","0-2",9.4,9.4,18.8,29.3,44.6,63.4,78.6,82.2,82.2,62.2,63.4,55.2,59.9,52.8,64.6,95.1,90.4,71.6,85.7,74,71.6,64.6,84.5,131.5,203.1,183.1,179.6,181.9,166.7
