"Settimana","regione","0-2","3-5","6-10","11-13","14-18","19-24","25-44","45-64","65-79","80-84","85+"
"1","Umbria",52.39,137.38,194.26,148.69,186.46,179.91,178.16,168.07,115.62,184.93,229.63
"2","Umbria",64.032,172.99,141.04,206.52,204.58,141.81,163.61,169.22,125.09,132.09,174.72
"3","Umbria",104.78,254.4,319.33,338.69,204.58,137.57,183.68,198.76,150.11,184.93,212.16
"4","Umbria",139.71,284.93,407.14,384.12,248.61,171.44,215.3,216.42,196.76,216.63,244.61
"5","Umbria",133.8844,335.8095,409.8033,392.3836,422.1158,309.0143,275.5194,272.8215,178.5074,261.5381,334.4649
"6","Umbria",151.3476,401.9538,409.8033,429.5568,424.7054,289.9655,260.9656,300.0652,177.8313,213.9857,232.1286
"7","Umbria",128.0633,239.1371,263.445,284.9944,271.9151,306.8978,240.3894,233.6825,177.8313,155.8661,244.6086
"8","Umbria",186.2739,259.4892,186.2742,202.3873,222.7114,213.7702,204.7576,206.8225,144.6992,158.5079,167.2324
"9","Umbria",203.7371,310.3694,215.5459,189.9963,235.6597,243.4017,194.2186,200.683,108.1863,118.8809,129.7923
