"regione","età","39","40","41","42","43","44","45","46","47","48","49","50","51","52","1"
"Lazio","85+",34.722,43.014,56.488,89.655,168.43,302.65,405.78,416.15,423.92,329.6,319.2355,248.7549,221.2882,231.653,232.1713
"Lazio","65-84",20.13,24.47,42.106,87.629,116.53,228.35,256.7,279.97,262.33,205.18,178.7678,143.4021,147.5573,132.8755,170.365
"Lazio","45-64",31.467,35.254,69.672,147.75,201.94,378.77,419.37,394.36,349.08,257.58,202.1101,166.2995,167.7475,165.6868,213.8613
"Lazio","25-44",33.552,39.923,76.457,158.07,212.9,397.81,407.77,366.63,331.38,235.74,192.159,164.0977,170.5368,158.1329,208.4942
"Lazio","19-24",31.551,50.481,95.253,207.33,266.83,468.45,469.65,431.49,326.62,237.98,217.5494,173.9794,202.2248,158.6548,224.16
"Lazio","14-18",29.676,50.821,98.303,227.4,243.72,442.92,396.55,376.15,280.81,214.04,160.9948,133.1731,140.5922,134.2859,188.4455
"Lazio","11-13",18.548,31.112,90.943,173.51,233.94,353.6,368.56,382.32,283.6,251.29,175.3053,163.3391,141.2015,157.3559,190.8614
"Lazio","06-10",19.094,27.019,54.399,109.88,130.41,221.56,260.47,257.58,224.8,179.05,146.2647,115.6428,121.0466,126.8107,133.2954
"Lazio","0-5",18.235,24.547,37.171,64.524,73.992,131.85,131.5,134.66,119.23,107.31,93.98002,82.75852,72.23837,74.3424,89.42129
