"regione","età","39","40","41","42","43","44","45","46","47","48","49"
"Lombardia","85+",12.086,14.676,76.256,148.77,284.31,515.95,653.21,700.98,622.13,503.87,374.95
"Lombardia","65-84",7.4793,11.011,37.085,90.063,194.72,329.5,443.35,459.77,410.11,259.85,182.98
"Lombardia","45-64",14.307,19.386,62.307,162.19,371.02,578.96,687.47,661.88,561.2,333.98,216.43
"Lombardia","25-44",19.883,29.621,86.907,204.58,445.58,630.76,685.32,614.05,504.09,300.57,210.97
"Lombardia","19-24",25.258,35.432,116.64,292.23,592.87,739.51,736.88,613.92,466.76,285.91,188.74
"Lombardia","14-18",17.517,38.411,105.74,300.75,607.61,681.48,546.83,394.87,304.97,205.56,148.58
"Lombardia","11-13",16.374,30.701,66.178,193.76,422.31,669.63,617.78,396.05,271.88,184.89,164.76
"Lombardia","06-10",12.82,20.058,44.251,102.98,208.23,350.49,392.67,353.59,243.38,168.94,126.34
"Lombardia","0-5",15.393,16.393,30.786,65.571,114.75,184.52,195.11,189.32,123.94,94.758,83.363
