"regione","età","39","40","41","42","43","44","45","46","47","48","49","50","51","52","53","1","2","3","4","5","6","7","8","9","10","11","12","13","14","15","16","17","18","19","20","21","22","23"
"Sicilia","90+",26.523,18.945,37.89,71.99,106.09,179.98,287.96,310.69,454.67,371.32,301.22,204.6,187.55,161.03,172.4,276.59,341.01,234.92,168.61,147.77,100.41,60.623,54.94,62.518,49.256,81.463,92.829,106.09,121.25,104.2,115.6,104.2,70.1,75.8,41.7,24.6,36,36
"Sicilia","80-89",12.541,14.822,24.323,60.046,104.51,119.71,198.76,217.76,296.43,206.36,193.06,125.03,115.91,115.91,137.95,213.58,217.76,176.34,134.53,110.21,80.569,60.426,44.845,47.125,62.327,73.348,76.768,110.21,94.63,106.4,88.5,66.9,59.3,40.7,25.8,22.8,15.6,16
"Sicilia","70-79",12.474,20.789,33.919,52.958,71.121,110.51,166.1,177.91,204.61,159.97,146.84,94.537,103.95,99.351,147.28,193.23,190.17,144.21,110.95,88.191,57.335,55.146,42.673,56.897,57.335,63.243,77.03,98.038,116.2,132,113.8,89.7,66.3,46.6,33.3,29.1,17.9,17.3
"Sicilia","60-69",14.471,17.798,37.092,56.72,95.143,131.74,193.61,226.55,232.7,192.28,141.38,115.27,111.44,111.44,162.84,232.37,222.89,166.5,121.76,95.642,61.211,56.72,52.894,64.038,74.684,80.339,116.43,129.91,144.88,152.5,134.9,110.9,88.2,65.7,46.1,38.1,26.6,24.6
"Sicilia","45-59",19.859,26.327,42.998,75.794,118.06,159.33,243.5,270.11,267.37,213.99,152.32,125.35,126.44,141.29,187.12,262.82,247.06,192.85,150.4,107.77,79.073,62.493,71.056,78.344,91.371,103.31,125.99,159.15,169.9,175.5,160.2,131.6,102.3,75.9,60.8,54.1,38.5,36.6
"Sicilia","25-44",17.823,28.054,48.352,69.805,115.6,154.13,220.39,249.76,254.14,200.5,154.88,122.12,123.27,143.24,206.61,293.91,265.85,178.23,138.29,100.17,70.3,74.261,74.261,86.06,100.91,110.81,136.06,160.16,180.37,193.5,171,137.5,123.7,81.5,59.9,55.3,43.1,40.8
"Sicilia","19-24",16.941,25.874,39.427,76.699,115.2,143.85,202.99,241.8,237.8,185.74,149.39,125.06,127.22,146.31,198.99,320.04,302.48,184.2,157.09,105.04,68.382,65.918,86.556,96.72,114.59,125.98,152.78,165.41,188.2,206.4,195.9,155.6,133.4,96.1,77.6,66.2,57.9,49.6
"Sicilia","14-18",15.342,31.077,47.598,84.182,145.55,128.63,191.57,207.31,187.64,148.3,121.16,111.32,100.7,107.78,177.81,288.74,259.23,164.04,139.65,112.9,77.495,84.182,95.59,138.47,150.27,178.99,180.17,204.16,208.09,228.2,211.2,182.1,151.4,123.1,96,93.2,66.9,58.2
"Sicilia","11-13",11.759,17.292,34.584,71.244,85.769,132.11,228.95,235.87,247.62,161.16,132.8,101.68,104.44,104.44,149.4,213.73,217.88,158.4,130.04,109.98,112.75,83.694,105.83,105.14,146.64,140.41,208.2,192.98,222.03,226.9,207.5,171.5,142.5,120.4,92,67.8,51.2,51.9
"Sicilia","06-10",7.9997,14.222,34.221,42.221,80.886,89.774,148.44,190.66,179.99,143.55,107.55,85.774,92.885,100.44,132.44,167.99,182.66,140.44,125.33,107.55,86.219,75.997,77.775,95.552,99.107,140.44,169.33,187.55,210.66,239.5,228.4,186.7,152,105.8,74.2,57.8,40,37.3
"Sicilia","03-5",5.5793,12.753,13.55,35.867,56.59,44.634,86.08,109.99,92.457,83.689,70.14,63.763,60.575,66.154,99.63,130.71,141.08,121.95,111.59,83.689,77.313,74.922,62.966,96.442,102.82,120.35,132.31,146.66,146.66,178.5,248.7,186.5,140.3,94.1,74.9,45.4,39.1,37.5
"Sicilia","0-2",7.6502,14.45,15.3,18.7,38.251,54.401,74.802,74.802,77.352,68.002,56.951,54.401,47.601,79.052,94.352,105.4,138.55,88.402,85.002,65.452,56.101,55.251,43.351,62.902,72.252,83.302,100.3,127.5,139.4,158.1,160.7,119,125.8,83.3,44.2,31.5,41.7,35.7
