"regione","età","39","40","41","42","43","44","45","46","47","48"
"Toscana","85+",9.286488159727597,26.00216684723727,101.53227054635505,167.15678687509674,317.5978950626838,449.46602693081564,472.9917969354589,488.46927720167156,429.03575297941495,278.5946447918279
"Toscana","65-84",12.116668370573157,21.961461421663845,50.486118210721486,107.15678590225635,185.28405383334783,297.6156668522031,321.72278829782266,356.1795639766401,289.79031852954137,175.81790666883757
"Toscana","45-64",19.330734813950464,32.774382207288745,85.84603596922547,156.40321804014468,298.3083849698265,475.18460851747324,494.1638754257155,503.74137585626363,377.1250628248882,206.4873946035618
"Toscana","25-44",23.669143248021854,43.906260725080536,93.01973296472588,177.51857436016388,320.59854529445596,485.5724737331683,490.3063023827726,469.2407648920332,355.3921858690481,192.66682603889788
"Toscana","19-24",32.02994800138129,57.55381281498201,126.61838819296041,261.74473132378773,480.94968795824093,649.1069149654928,612.0722875888956,570.0329808370826,401.3752858923093,207.6941940714568
"Toscana","14-18",30.85878174370269,49.616080450659226,142.7974998336046,297.0914085521181,537.3058468315292,645.00904585857,496.1608045065922,411.45042324936924,256.55144037901846,147.03301889646576
"Toscana","11-13",14.761164360644766,48.21980357810624,104.31222814855637,257.8283374992619,289.31882146863745,407.4081363537956,469.4050266685036,401.5036706095377,279.47804522820763,156.46834222283454
"Toscana","06-10",21.30432603138002,55.140608551807105,88.9768910722342,166.67502130432604,175.44739084665898,228.70820592510904,270.0636623389643,290.74139054589205,218.056042909419,143.49090179958895
"Toscana","0-5",22.563601150743658,36.97923521927433,77.71907063033927,127.23363982224897,105.29680537013706,155.43814126067855,156.06490795931032,166.71994183605037,122.2195062331948,70.19787024675806
