"regione","età","39","40","41","42","43","44","45","46","47","48","49","50","51","52","53","1","2","3","4","5","6","7","8","9","10","11","12","13","14","15","16","17","18","19","20"
"campania","0-2",17.5,21.8,45.6,74.4,91.2,124.9,174,145.3,139.7,115.1,103.2,61.8,64.6,54,56.1,48.4,47.7,49.1,68.1,73.7,71.6,68.1,115.1,155.8,157.9,136.1,124.9,131.2,131.9,156.5,160.7,150.2,127,110.9,58.2
"campania","03-5",17.9,18.6,49.8,81.7,113.5,120.8,140.7,130.8,134.8,114.8,100.9,61.7,77,45.1,62.4,80.3,72.4,87.6,130.1,164,124.1,138.7,171.9,247.6,204.5,158.7,168.6,180.6,184.6,249.6,336.6,267.5,187.9,146.7,84.3
"campania","06-10",17.3,35.6,82,132,166.9,147.9,192.1,188.2,192.9,159,123.4,73.4,74.8,58.3,73.8,89.6,92.8,107.2,148.2,206.2,182.8,162.3,193.9,259.4,231,201.5,178.1,181,187.5,263,311.2,294,211.9,147.2,84.6
"campania","11-13",17.6,34.7,89.3,167.1,229.4,224.5,258.7,260.9,259.2,206.3,142.3,94.3,79.4,61.8,87.1,105.9,103.1,93.2,120.8,190.8,203,159.4,222.3,270.3,259.8,231.6,207.4,189.7,216.8,269.7,281.3,257,207.4,130.2,96.5
"campania","14-18",25.9,32.8,84.7,185.3,253.2,304.1,381,352.9,358.8,246.9,168.2,122.8,92.5,68.4,94.7,116.3,118.5,98.8,120.3,153.8,191.9,188.5,255,310.1,301.3,253.8,241,226.6,200.7,251.6,230.7,227.9,181.9,134.1,100
"campania","19-24",37.9,66.4,96.2,202.5,328.7,420.3,548.2,522.9,450.3,313,197.8,143.7,121.3,88.8,119.1,143.5,138.5,118.8,140.3,154.3,175.7,165.6,266,325,319.9,280.3,247.8,275.1,216.5,261.8,216.8,219.5,179.9,138.3,91.8
"campania","25-44",38.1,50.1,98.7,203,301.8,415.3,532,476.9,442.2,292.6,193,161,113.2,97.9,130.3,149.4,126.4,115.4,147.1,167.2,170.3,176,255,312.4,306,256.7,247.4,237.4,228.8,254.7,242.6,222.5,178.6,130.7,82.1
"campania","45-59",36.3,50.4,84.7,169.5,259.2,393.7,547.7,516.1,471.5,327,206.8,163.4,112.6,93.4,120.3,134.9,122,119.3,141.1,164.9,171.9,164.5,235,302.3,295.6,263.5,247.5,238.5,202.3,230.2,219.3,191.2,157.5,115.4,69.6
"campania","60-69",30.6,41.1,68,135.6,218.1,332.1,459.3,449.9,420.2,291.7,204.8,153.8,106.6,85.6,114,138,122.5,103.2,132.1,159.5,165.8,161.4,223.4,271,265.5,250.9,220.8,220.8,198.3,223.4,190.1,176.8,147.4,110,61.1
"campania","70-79",20.6,32.4,57.4,92.7,165,266.1,381.1,409.8,372,254.8,192.2,147.6,99.5,83,100.1,123.3,117.7,91.5,110.7,135.6,142.5,138.7,196.7,248.4,239.9,219.9,221.3,200,185.2,196.7,175.5,143.5,114.6,71.8,45.8
"campania","80-89",17.6,22.7,62.3,72.9,129.3,217.4,383.9,389,376.9,274.2,212.7,159.4,112,87.4,114.8,124.6,128.9,124.6,121.4,152.4,137.9,150.8,192,229.9,226,196.3,204.5,173.5,143.8,142.6,131.6,92.1,76.4,58.4,34.9
"campania","90+",16.3,14.3,79.5,61.2,87.7,199.8,391.5,444.5,409.8,356.8,228.4,177.4,112.1,71.4,134.6,181.5,169.2,161.1,106,201.9,183.5,179.4,181.5,226.3,205.9,232.4,230.4,226.3,175.4,181.5,197.8,116.2,110.1,63.2,44.9
"Emilia-Romagna","0-2",14.369,14.369,39.002,48.239,74.924,91.346,141.64,173.45,165.24,133.43,166.27,133.43,117,125.22,169.35,161.14,145.74,140.61,124.19,138.56,160.11,226.82,260.69,361.28,351.01,315.09,282.25,257.62,177.56,185.7706,141.6372,186.7969,141.6372,80.05583,52.3442
"Emilia-Romagna","03-5",12.808,14.638,27.446,36.595,91.488,100.64,122.59,160.1,184.81,162.85,161.02,177.49,155.53,131.74,182.06,191.21,148.21,232.38,247.93,199.44,201.27,270.8,350.4,431.82,505.01,353.14,253.42,204.02,167.42,171.0825,221.4009,196.6991,171.9974,100.6368,61.29693
"Emilia-Romagna","06-10",16.297,19.754,42.471,57.286,124.45,215.81,256.31,281,299.27,255.81,302.24,201,207.42,195.07,236.06,233.59,191.61,200.01,201.49,262.73,294.33,367.42,459.77,538.79,465.21,354.58,293.35,235.07,190.13,193.5889,224.2075,217.2936,180.7488,134.327,77.53431
"Emilia-Romagna","11-13",10.355,21.507,50.182,129.84,224.62,354.46,410.22,378.36,383.14,359.24,346.49,277.2,253.3,199.13,272.42,306.67,247.72,234.98,246.93,288.35,320.21,379.95,477.92,598.2,531.29,421.37,318.62,259.67,184,204.7107,223.0312,227.0139,182.4076,105.1433,74.87474
"Emilia-Romagna","14-18",22.94,32.416,82.785,158.09,335.63,463.3,450.83,358.57,310.19,276.78,267.31,198.98,202.47,189.01,243.37,296.73,236.88,191.5,219.93,276.28,324.66,353.08,498.2,561.04,529.62,403.95,358.07,277.78,224.92,222.4217,210.9515,192.4995,146.1201,100.2394,92.26012
"Emilia-Romagna","19-24",26.372,67.166,71.286,144.22,341.19,484.99,569.88,509.72,442.55,359.73,319.76,238.17,268.66,247.65,336.65,379.92,247.24,192.84,185.84,224.16,238.99,323.06,502.3,639.11,602.02,488.29,388.16,302.04,221.28,210.1507,205.206,168.1206,131.8593,104.6633,78.29143
"Emilia-Romagna","25-44",20.046,30.213,57.357,111.17,244.29,336.08,421.16,423.27,410.61,331,296.18,239.79,258.78,247.17,324.38,328.99,224.82,182.43,184.35,199.12,215.71,291.48,424.13,489.16,467.49,385.48,325.25,258.97,187.13,177.7298,162.2875,145.2147,124.4972,83.3498,58.02834
"Emilia-Romagna","45-59",15.258,24.375,51.914,90.244,208.12,324.32,414.75,416.61,394.1,313.16,290.27,239.94,232.22,230.82,307.58,302.37,216.68,184.12,189.98,205.98,210.26,256.31,397.82,476.16,478.11,389.26,336.6,259.94,178.16,159.8349,147.0891,123.272,98.24544,68.4741,49.02969
"Emilia-Romagna","60-69",9.9592,18.074,33.382,71.006,148.47,219.84,296.56,312.42,301.91,244.37,212.28,178.9,184.25,190.52,269.82,262.81,191.44,154.55,151.23,135.92,145.52,188.67,295.64,346.18,344.88,300.99,265.58,209.7,138.32,115.2688,113.4245,83.91567,67.68583,45.92308,33.56627
"Emilia-Romagna","70-79",11.157,16.188,35.439,63.658,122.72,169.32,247.85,255.07,274.54,218.98,181.35,157.94,160.79,171.51,235.6,236.04,170.41,136.72,121.63,115.94,128.19,155.54,239.98,278.04,298.38,262.51,224.66,171.51,118.78,99.75302,71.75217,65.84575,50.9703,26.68831,21.21939
"Emilia-Romagna","80-89",10.75,17.469,47.033,81.971,160.58,216.69,321.84,315.79,367.19,304.37,276.15,245.58,268.09,215.01,333.26,302.35,235.5,212.99,169.99,147.48,152.86,164.61,240.2,272.79,287.57,260.02,212.32,152.18,107.84,76.59592,56.77504,46.36069,34.26659,20.15682,10.7503
"Emilia-Romagna","90+",8.3697,12.555,62.773,159.02,304.1,320.84,506.37,493.81,597.04,644.47,583.09,591.46,523.11,394.77,542.64,404.54,442.2,447.78,305.49,238.54,216.22,209.24,231.56,309.68,322.23,319.44,280.39,219.01,170.18,124.1508,82.30223,65.56279,62.77289,50.21831,22.31925
"Lazio","0-2",20.834,31.251,43.27,80.931,85.739,155.45,144.23,138.62,129.81,112.18,110.58,84.937,79.328,73.719,105.77,108.98,69.713,81.732,73.719,76.924,89.745,79.328,109.78,149.84,168.27,130.61,141.83,142.63,114.59,145.8357,132.2137,126.6046,108.9761,88.14244,60.89841
"Lazio","03-5",18.07,23.63,38.225,60.465,74.365,127.88,136.92,148.73,124.41,116.76,90.351,91.046,77.145,85.486,98.691,86.181,86.876,111.2,113.29,114.68,101.47,113.98,160.55,177.92,203.64,209.2,196.69,141.78,118.85,153.596,186.2612,170.9711,154.986,91.74057,75.75547
"Lazio","06-10",19.89,28.897,59.294,114.84,139.6,233.05,270.58,272.45,235.3,187.27,153.87,121.59,126.84,134.73,150.11,148.61,116.71,106.58,135.85,156.12,141.11,136.98,171.5,228.55,242.06,223.67,203.03,180.13,148.99,160.6203,209.7821,187.2652,144.4832,100.2,71.67867
"Lazio","11-13",18.717,33.207,98.413,175.69,237.28,361.65,372.52,388.22,287.99,253.58,177.51,165.43,142.49,158.79,204.67,208.3,150.34,138.26,132.22,139.47,160,134.64,205.28,255.99,305.5,239.69,213.13,208.9,153.35,188.9766,192.5991,185.354,138.8646,85.73378,67.62101
"Lazio","14-18",30.554,53.186,105.24,233.49,251.6,452.65,405.5,384,287.81,218.03,164.84,136.17,144.47,139.19,205.58,244.81,158.43,137.68,147.49,144.09,144.47,152.02,222.18,256.5,267.82,260.27,239.15,208.6,175.02,185.5868,178.0427,165.972,136.1725,116.1804,84.49482
"Lazio","19-24",33.47,53.121,102.56,212.79,278.81,482.7,482.08,448.62,335.62,244.11,224.46,180.24,210.34,167.96,245.03,244.11,164.28,153.22,139.71,131.11,121.29,116.99,192.22,217.71,288.64,263.76,267.14,232.75,185.16,185.7714,147.696,141.8618,134.7994,100.1016,74.61564
"Lazio","25-44",35.717,43.289,82.864,167.3,228.8,421.75,431.89,390.1,350.6,248.95,202.87,174.8,182.8,171.16,238.45,237.73,160.87,140.73,137.23,128.44,123.51,120.72,179.59,195.09,227.59,243.81,230.73,222.8,160.44,159.6563,159.7992,137.8688,126.0106,83.79278,62.1481
"Lazio","45-59",31.458,36.76,75.217,153.76,216.11,400.26,441.9,407.76,359.97,260.29,209.11,171.85,172.77,171.43,237.18,225.23,165.78,143.72,140.47,131.35,123.64,114.24,160.9,182.67,226.92,234.63,237.88,213.35,166.41,146.264,142.0932,126.8234,109.1502,78.54005,54.29231
"Lazio","60-69",28.547,31.847,57.238,117.63,152.06,285.76,318.9,338.84,304.98,228.38,175.16,144.46,157.51,146.61,203.42,181.04,145.18,130.54,119.5,108.45,97.118,95.11,130.97,153.64,180.46,185.06,197.97,181.18,148.19,120.0708,116.6279,100.9914,83.92042,53.36478,37.29796
"Lazio","70-79",18.478,24.275,38.949,82.789,107.25,217.21,245.83,262.32,244.38,198.91,171.01,143.84,143.3,131.7,174.82,180.43,136.59,114.85,107.97,100.72,83.151,78.441,103.98,115.58,138.59,150.36,163.58,177.35,132.06,112.4986,88.76699,74.81789,59.05722,39.49225,26.08663
"Lazio","80-89",25.65,29.875,47.981,86.306,133.08,248.36,302.07,325.01,324.4,255,238.1,190.72,178.04,179.25,212.45,215.77,175.63,177.14,139.72,131.27,108.34,94.152,106.83,128.25,129.16,144.25,159.94,149.98,119.5,107.4302,70.61422,65.7859,50.39562,29.87525,17.2009
"Lazio","90+",43.336,54.892,60.67,98.228,222.46,372.69,496.92,488.25,485.36,404.47,410.24,273.01,277.35,281.68,281.68,257.13,293.24,254.24,174.79,150.23,132.9,98.228,135.79,131.45,143.01,182.01,221.01,222.46,170.45,122.7845,96.78305,95.33852,56.3364,54.89188,26.00142
"Lombardia","0-2",15.318,18.922,34.239,82.896,109.03,172.1,180.21,176.6,124.34,92.807,81.094,65.776,60.37,45.953,50.458,53.161,46.854,52.26,90.104,58.568,96.411,99.114,113.53,140.56,148.67,138.76,140.56,128.85,108.12,103.62,109.9267,102.7184,92.80701,63.07272,49.55714
"Lombardia","03-5",12.902,16.934,38.705,58.058,116.92,178.21,195.95,205.62,121.76,83.861,89.506,79.023,74.992,58.864,66.928,59.671,60.477,87.087,97.57,110.47,108.86,124.99,159.66,163.69,172.56,147.56,114.5,106.44,99.182,116.92,186.2693,174.9802,145.9513,86.28058,51.60708
"Lombardia","06-10",9.6604,19.321,45.228,104.51,189.26,364.9,405.3,366.22,264.34,174.77,137.44,104.95,92.213,68.062,72.014,92.652,82.992,99.678,107.14,111.97,146.22,170.81,192.33,239.32,215.6,229.22,186.62,154.57,121.19,125.15,151.0541,145.7848,126.903,85.18748,60.15817
"Lombardia","11-13",12.628,32.973,52.617,183.11,418.83,643.33,619.48,409.01,263.79,175.39,167.67,124.18,138.21,92.606,116.46,129.09,105.94,87.695,107.34,119.97,151.54,199.24,269.4,285.54,266.59,256.07,205.56,214.68,126.98,158.55,157.8515,160.6578,125.5797,95.41248,90.50155
"Lombardia","14-18",17.926,32.354,86.132,260.15,595.49,681.63,562.7,398.74,302.99,205.93,154.34,113.24,111.93,84.383,118.05,163.08,110.62,94.002,120.67,116.3,168.33,234.79,313.49,328.79,330.98,310.86,278.51,255.34,170.95,170.52,155.213,147.7802,120.2354,91.3789,73.4529
"Lombardia","19-24",26.666,29.588,113.24,268.49,586.28,763.81,769.66,652.04,486.2,281.64,193.6,142.83,158.17,130.04,152.32,219.54,151.23,145.02,98.627,128.95,150.86,190.31,303.92,364.92,405.1,321.82,334.24,275.43,167.67,173.88,153.7855,126.389,108.49,92.0521,67.21265
"Lombardia","25-44",17.986,27.403,78.647,208.28,454.74,661.75,732.85,658.36,550.78,331.98,223.64,170.78,173.16,135.07,164.67,192.5,138.63,132.61,126.67,133.28,150.68,191.99,272.93,326.21,354.04,311.96,291.17,240.61,157.55,152.37,154.8334,140.3258,116.9098,88.57321,61.08497
"Lombardia","45-59",13.639,18.38,61.876,169.74,402.61,629.65,747.33,702.09,594.56,358.36,234.7,173.32,166.17,132.98,157.35,186.71,148.87,129.57,119.76,118.6,142.96,172.15,250.66,310.13,357.53,321.94,305.39,266.46,169.74,149.12,139.7194,115.2685,95.97392,73.76851,55.97093
"Lombardia","60-69",8.2658,13.29,39.87,97.731,223.34,362.07,475.85,480.23,444.89,261.26,175.04,117.5,117.5,91.248,122.85,146.03,112.64,100.81,90.437,95.948,110.05,130.63,196.27,229.66,282.01,257.54,248.78,212.16,145.06,130.31,119.4488,91.24783,71.63684,52.83622,41.0048
"Lombardia","70-79",6.2833,8.1313,27.72,69.301,157.45,257.99,369.42,387.9,354.45,239.69,164.66,119.94,118.64,84.085,107.37,125.85,110.33,90.554,80.759,81.129,96.652,109.22,171.31,212.15,241.35,228.97,224.54,191.64,133.61,127.14,96.09769,81.86784,66.52917,36.40624,19.95875
"Lombardia","80-89",7.2602,12.369,50.821,91.963,193.87,357.09,472.18,490.74,466.8,351.72,259.75,217.27,187.15,137.68,148.97,179.62,156.5,123.69,112.13,105.68,109.44,114.82,172.09,210.01,250.61,224.8,223.99,194.95,115.09,96.534,73.9466,55.39272,32.5365,22.58732,19.09167
"Lombardia","90+",17.639,12.451,97.532,177.42,307.12,586.23,740.83,871.56,782.33,668.2,498.03,454.46,359,231.38,236.57,323.72,237.6,185.73,147.34,129.7,116.21,145.26,195.06,255.24,258.36,247.98,269.77,178.46,126.58,106.87,79.89292,71.59236,53.95366,44.61553,29.05197
"Marche","0-2",13.146,6.5729,3.2864,9.8593,32.864,59.156,65.729,82.161,52.583,52.583,32.864,49.297,29.578,19.719,52.583,29.578,46.01,29.578,62.442,55.87,23.005,55.87,78.875,115.03,124.88,108.45,92.021,105.17,52.583,69.01538,65.72893,46.01025,62.44249,72.30183,32.86447
"Marche","03-5",14.108,25.394,11.286,42.323,47.966,64.895,90.288,115.68,59.252,90.288,67.716,67.716,70.538,79.002,95.931,95.931,79.002,73.359,112.86,166.47,129.79,121.32,208.79,172.11,174.93,163.65,149.54,76.181,87.467,126.968,135.4325,121.325,183.3982,118.5035,101.5744
"Marche","06-10",7.531,12.05,39.161,70.792,129.53,164.18,186.77,152.13,114.47,117.48,131.04,140.08,120.5,93.385,158.15,126.52,141.58,118.99,158.15,191.29,167.19,209.36,271.12,319.32,272.62,250.03,182.25,138.57,115.98,144.5957,174.7198,182.2509,206.3502,129.5337,91.87854
"Marche","11-13",7.2053,24.018,33.625,96.071,124.89,273.8,269,276.2,163.32,220.96,237.78,187.34,141.7,124.89,175.33,199.35,175.33,177.73,170.53,192.14,266.6,319.44,432.32,429.92,377.08,293.02,249.78,225.77,141.7,136.9008,182.5343,168.1237,230.5697,122.4902,88.8654
"Marche","14-18",10.255,57.136,65.926,95.227,265.17,360.4,329.63,329.63,209.5,193.38,175.8,142.11,125.99,134.78,205.1,215.36,213.89,178.73,186.06,208.03,175.8,287.15,489.32,439.51,388.23,325.24,262.24,238.8,171.41,161.1533,174.3385,169.9434,158.2232,159.6882,86.43675
"Marche","19-24",18.562,22.042,30.163,83.529,205.34,313.23,319.03,353.84,234.34,222.74,214.62,133.41,171.7,126.45,255.23,305.11,229.7,192.58,193.74,187.94,180.98,218.1,407.2,432.72,438.53,378.2,316.71,232.02,165.9,177.4983,140.3745,122.9727,98.61018,122.9727,76.5679
"Marche","25-44",10.933,17.263,38.553,71.353,161.69,243.4,278.79,317.06,212.62,208.59,190.75,164.28,184.71,182.98,247.72,288.86,212.62,203.7,184.71,187.88,197.95,217.22,323.39,376.61,378.63,363.96,267.28,241.39,151.34,145.0068,126.0178,128.3195,128.6072,98.39745,73.0788
"Marche","45-59",12.137,14.678,31.614,59.558,154.68,258.27,289.6,348.03,243.88,232.87,220.17,184.04,178.67,186.58,272.95,282.27,244.16,201.82,189.12,186.3,191.66,197.59,323.19,407.03,392.63,377.39,276.34,247.26,175.29,153.8349,122.7856,104.1561,106.1319,87.5024,64.63887
"Marche","60-69",8.283,15.013,23.296,61.605,112.86,206.04,254.19,305.44,198.79,192.58,167.21,152.2,156.34,155.31,218.98,245.9,190.51,187.92,169.8,154.79,157.9,166.7,234,297.67,302.85,316.31,262.47,200.35,146.51,120.6216,104.0556,77.13573,73.5119,62.64042,43.48591
"Marche","70-79",7.0539,6.4127,21.803,36.552,91.06,159.03,171.86,248.81,189.82,159.03,121.2,134.03,128.25,134.67,191.74,202,157.11,160.32,151.34,130.82,114.15,126.33,199.43,223.16,262.28,239.83,180.2,177.63,135.31,101.9616,84.00613,70.5395,64.12682,38.47609,36.55229
"Marche","80-89",7.4194,12.984,19.476,32.46,99.235,180.85,192.91,286.58,238.35,210.53,162.3,173.43,165.08,147.46,233.71,275.45,209.6,182.7,200.32,130.77,134.48,158.59,180.85,230,235.57,233.71,194.76,145.61,100.16,75.12173,45.44401,42.66172,47.29886,24.11315,15.76629
"Marche","90+",0,11.746,35.239,50.901,227.09,434.61,293.66,555.99,426.78,332.81,285.83,379.8,379.8,313.23,442.44,505.09,485.51,512.92,418.95,262.33,305.4,231.01,285.83,270.16,348.47,309.32,242.76,215.35,140.96,137.0399,109.6319,82.22396,50.90055,23.49256,58.7314
"Puglia","0-2",9.3909,9.3909,18.782,29.347,44.607,63.388,78.649,82.17,83.344,61.041,63.388,55.171,59.867,52.824,64.562,95.083,90.387,71.605,85.692,73.95321,71.60549,64.56233,84.51795,131.4724,201.9,183.1222,179.6007,181.9484,165.5143,156.1234,163.1666,166.688,120.9076,105.6474,58.69302
"Puglia","03-5",10.64,10.64,19.152,35.112,42.56,59.583,54.263,105.33,123.42,110.65,95.759,101.08,90.439,70.223,79.799,113.85,108.53,113.85,127.68,132.9985,131.9345,125.5506,162.7902,210.6697,217.05,195.7738,201.0938,205.3497,155.3423,190.4539,230.8855,243.653,201.0938,117.0387,45.75149
"Puglia","06-10",7.3766,14.753,32.911,49.934,104.41,104.98,111.22,112.35,108.38,122,122.57,103.27,105.54,88.52,110.08,136.75,139.02,133.35,158.31,176.4719,136.1841,140.1562,204.8436,225.2712,251.94,237.1873,263.2893,231.513,203.1413,221.8666,224.1364,203.709,172.4999,99.86836,57.87825
"Puglia","11-13",3.5227,10.568,15.852,41.391,86.306,156.76,131.22,143.55,157.64,180.54,155.88,125.06,129.46,110.96,100.4,170.85,168.21,160.28,191.11,168.2078,155.8785,147.9524,166.4465,192.8666,273.01,286.2175,324.967,293.2629,243.0647,284.4562,241.3034,230.735,173.4919,97.75429,81.90225
"Puglia","14-18",9.8743,16.293,31.104,46.409,116.02,151.57,192.55,182.67,200.45,197.98,181.19,128.37,154.04,117.5,158.98,198.97,197.49,165.89,163.42,136.2647,135.2772,127.3778,171.3183,225.1329,255.74,284.8722,342.6365,332.2686,264.1362,257.2242,251.2997,194.523,161.444,85.90599,69.11976
"Puglia","19-24",13.913,16.232,39.421,56.04,103.96,161.16,224.16,241.94,267.06,246.19,224.93,205.99,194.4,163.87,194.79,271.31,220.29,180.87,168.89,155.7518,161.549,145.7033,194.7864,268.2177,292.18,309.9577,352.0841,360.9732,282.904,258.5557,257.3963,190.535,155.3653,91.20949,62.22342
"Puglia","25-44",16.653,19.445,38.89,60.094,113.67,170.97,216.59,267.37,268.92,266.65,245.75,187.21,198.8,145.74,199.42,249.27,215.55,172.42,183.38,162.3882,161.6642,147.8043,197.4516,242.2377,280.09,306.6758,336.9814,341.3255,259.304,245.4441,236.0318,201.899,156.3891,92.46819,57.30131
"Puglia","45-59",17.647,24.375,36.617,58.566,100.04,167.87,228.31,296.14,304.41,296.69,253.56,202.83,201.84,158.27,181.98,223.01,213.64,185.73,192.68,174.5936,169.9613,142.9395,202.1668,240.8796,282.24,316.5405,357.6797,364.0767,273.9675,250.4751,239.887,180.66,131.1382,82.94023,54.81555
"Puglia","60-69",16.704,19.76,29.945,42.167,96.761,137.1,193.11,245.06,254.02,269.1,236.71,182.73,180.48,150.13,176.21,181.71,180.28,161.34,161.95,160.5215,149.5213,133.021,160.7252,198.8185,244.65,273.3754,311.265,321.043,236.5044,236.097,216.541,188.837,123.8541,74.96435,42.98228
"Puglia","70-79",11.523,11.267,27.911,34.056,77.074,102.94,165.67,199.47,226.87,213.3,185.13,146.47,161.32,131.87,141.34,171.3,160.29,157.48,130.08,120.092,134.9434,130.5904,147.4904,167.7191,204.34,245.5612,257.596,289.0913,212.5295,211.5053,164.3903,136.224,114.7147,59.91796,33.28775
"Puglia","80-89",7.6499,12.15,47.7,56.25,86.849,125.55,204.75,266.4,294.75,286.2,221.4,171.45,193.05,158.85,149.4,169.65,181.8,165.15,179.1,130.949,123.749,109.3491,121.049,169.6486,197.1,228.1482,247.948,249.298,188.5485,171.8986,124.649,86.8493,49.4996,38.24969,20.24984
"Puglia","90+",0,23.964,108.93,115.46,163.39,145.96,300.64,407.39,374.71,411.75,322.43,202.61,324.6,230.93,180.82,176.46,257.07,267.96,281.03,137.2489,174.2843,80.60651,115.4634,132.8918,176.46,278.855,294.1048,315.8904,278.855,211.3198,143.7846,119.82,82.78506,54.46386,23.9641
"Sicilia","0-2",9.3909,9.3909,18.782,29.347,44.607,63.388,78.649,82.17,83.344,61.041,63.388,55.171,59.867,52.824,64.562,95.083,90.387,71.605,85.692,73.95321,71.60549,64.56233,84.51795,131.4724,201.9,183.1222,179.6007,181.9484,165.5143,156.1234,163.1666,166.688,120.9076,105.6474,58.69302
"Sicilia","03-5",10.64,10.64,19.152,35.112,42.56,59.583,54.263,105.33,123.42,110.65,95.759,101.08,90.439,70.223,79.799,113.85,108.53,113.85,127.68,132.9985,131.9345,125.5506,162.7902,210.6697,217.05,195.7738,201.0938,205.3497,155.3423,190.4539,230.8855,243.653,201.0938,117.0387,45.75149
"Sicilia","06-10",7.3766,14.753,32.911,49.934,104.41,104.98,111.22,112.35,108.38,122,122.57,103.27,105.54,88.52,110.08,136.75,139.02,133.35,158.31,176.4719,136.1841,140.1562,204.8436,225.2712,251.94,237.1873,263.2893,231.513,203.1413,221.8666,224.1364,203.709,172.4999,99.86836,57.87825
"Sicilia","11-13",3.5227,10.568,15.852,41.391,86.306,156.76,131.22,143.55,157.64,180.54,155.88,125.06,129.46,110.96,100.4,170.85,168.21,160.28,191.11,168.2078,155.8785,147.9524,166.4465,192.8666,273.01,286.2175,324.967,293.2629,243.0647,284.4562,241.3034,230.735,173.4919,97.75429,81.90225
"Sicilia","14-18",9.8743,16.293,31.104,46.409,116.02,151.57,192.55,182.67,200.45,197.98,181.19,128.37,154.04,117.5,158.98,198.97,197.49,165.89,163.42,136.2647,135.2772,127.3778,171.3183,225.1329,255.74,284.8722,342.6365,332.2686,264.1362,257.2242,251.2997,194.523,161.444,85.90599,69.11976
"Sicilia","19-24",13.913,16.232,39.421,56.04,103.96,161.16,224.16,241.94,267.06,246.19,224.93,205.99,194.4,163.87,194.79,271.31,220.29,180.87,168.89,155.7518,161.549,145.7033,194.7864,268.2177,292.18,309.9577,352.0841,360.9732,282.904,258.5557,257.3963,190.535,155.3653,91.20949,62.22342
"Sicilia","25-44",16.653,19.445,38.89,60.094,113.67,170.97,216.59,267.37,268.92,266.65,245.75,187.21,198.8,145.74,199.42,249.27,215.55,172.42,183.38,162.3882,161.6642,147.8043,197.4516,242.2377,280.09,306.6758,336.9814,341.3255,259.304,245.4441,236.0318,201.899,156.3891,92.46819,57.30131
"Sicilia","45-59",17.647,24.375,36.617,58.566,100.04,167.87,228.31,296.14,304.41,296.69,253.56,202.83,201.84,158.27,181.98,223.01,213.64,185.73,192.68,174.5936,169.9613,142.9395,202.1668,240.8796,282.24,316.5405,357.6797,364.0767,273.9675,250.4751,239.887,180.66,131.1382,82.94023,54.81555
"Sicilia","60-69",16.704,19.76,29.945,42.167,96.761,137.1,193.11,245.06,254.02,269.1,236.71,182.73,180.48,150.13,176.21,181.71,180.28,161.34,161.95,160.5215,149.5213,133.021,160.7252,198.8185,244.65,273.3754,311.265,321.043,236.5044,236.097,216.541,188.837,123.8541,74.96435,42.98228
"Sicilia","70-79",11.523,11.267,27.911,34.056,77.074,102.94,165.67,199.47,226.87,213.3,185.13,146.47,161.32,131.87,141.34,171.3,160.29,157.48,130.08,120.092,134.9434,130.5904,147.4904,167.7191,204.34,245.5612,257.596,289.0913,212.5295,211.5053,164.3903,136.224,114.7147,59.91796,33.28775
"Sicilia","80-89",7.6499,12.15,47.7,56.25,86.849,125.55,204.75,266.4,294.75,286.2,221.4,171.45,193.05,158.85,149.4,169.65,181.8,165.15,179.1,130.949,123.749,109.3491,121.049,169.6486,197.1,228.1482,247.948,249.298,188.5485,171.8986,124.649,86.8493,49.4996,38.24969,20.24984
"Sicilia","90+",0,23.964,108.93,115.46,163.39,145.96,300.64,407.39,374.71,411.75,322.43,202.61,324.6,230.93,180.82,176.46,257.07,267.96,281.03,137.2489,174.2843,80.60651,115.4634,132.8918,176.46,278.855,294.1048,315.8904,278.855,211.3198,143.7846,119.82,82.78506,54.46386,23.9641
"Toscana","0-2",31.062,47.269,76.98,131,112.09,179.62,151.26,179.62,117.5,64.825,56.722,45.918,36.464,27.011,40.516,37.815,49.97,44.567,56.722,63.475,83.733,93.187,132.35,185.02,180.97,186.37,191.78,176.92,176.92,162.0636,151.2594,179.6205,143.1562,101.2898,59.42332
"Toscana","03-5",19.094,39.382,90.699,137.24,116.95,146.79,174.24,170.66,142.01,81.151,76.378,64.444,59.67,56.09,52.51,39.382,44.156,77.571,108.6,124.11,87.118,146.79,242.26,270.9,225.55,275.68,236.29,182.59,179.01,183.784,208.8455,208.8455,150.3688,99.05244,94.27883
"Toscana","06-10",20.89,52.542,93.69,180.42,185.48,236.12,281.7,305.13,224.1,146.87,95.589,76.598,78.497,53.808,72.8,74.066,57.607,72.167,77.231,108.88,120.28,186.11,236.76,258.91,235.49,269.04,251.95,229.16,198.14,175.352,193.7101,171.5537,164.5903,122.1766,100.6533
"Toscana","11-13",12.912,48.67,114.22,264.21,309.9,425.11,467.82,392.34,279.1,156.93,100.32,77.474,61.582,59.595,90.386,68.535,63.568,76.481,112.24,125.15,152.96,240.37,280.1,292.02,317.84,295.99,314.86,288.04,221.5,221.496,217.523,200.6377,154.9479,140.0491,122.1705
"Toscana","14-18",32.948,50.033,142.17,300.81,541.82,656.53,513.75,421.01,258.71,154.37,112.88,94.574,69.558,53.694,78.1,82.981,82.371,86.642,107.39,136.67,161.69,233.69,298.98,286.77,334.97,325.82,350.23,348.4,249.55,214.1641,193.4189,194.6392,174.5041,161.0807,106.1668
"Toscana","19-24",31.837,61.148,127.86,269.86,481.1,658.99,621.59,578.13,410.86,217.3,153.63,106.12,110.67,76.309,95.512,103.09,89.954,104.61,115.73,146.05,158.68,201.64,250.66,249.65,274.91,328.48,324.44,325.96,255.71,227.9159,218.3141,167.7785,183.9499,121.2856,88.94279
"Toscana","25-44",24.457,44.119,95.91,180.07,327.05,495.26,501.37,479.19,361.94,200.33,148.06,107.18,100.59,83.682,93.273,93.153,81.164,93.033,117.61,133.67,139.19,187.98,231.38,240.61,258.24,263.03,263.63,274.9,214.96,204.5284,179.352,172.1587,142.3067,105.2614,76.24857
"Toscana","45-59",20.425,35.545,90.613,164.52,315.4,498.76,513.77,526.3,393.6,218.01,147.71,103.14,99.414,77.861,93.547,90.838,76.959,88.807,100.77,122.21,141.84,179.31,224.9,247.58,269.92,267.66,269.81,287.41,215.76,203.2298,167.5715,149.6295,128.8664,93.99801,69.51113
"Toscana","60-69",14.247,22.45,58.283,127.36,224.07,360.93,394.17,403.24,314.08,185.86,123.04,94.333,83.108,63.464,71.667,80.302,68.645,68.645,87.425,100.38,109.23,135.35,174.2,191.9,200.75,204.21,200.32,228.17,180.89,162.9779,134.4837,125.8492,100.8088,71.88297,48.56957
"Toscana","70-79",13.654,23.162,45.593,100.21,172.86,284.77,301.84,353.04,283.07,166.04,112.15,79.483,70.706,62.172,70.949,70.462,60.222,65.829,65.098,92.649,97.525,118.01,155.06,159.7,182.62,179.69,188.95,202.61,147.26,157.0153,112.6414,97.76887,66.31704,48.2749,36.08427
"Toscana","80-89",7.3175,24.263,71.634,116.31,223.76,356.24,373.58,393.22,341.22,229.92,159.83,114,101.67,71.634,83.573,111.3,90.12,97.438,82.033,107.45,102.06,118.23,150.97,164.45,194.49,181.4,206.04,231.85,146.35,153.2815,113.9983,81.2623,51.60734,25.41854,18.48621
"Toscana","90+",9.8464,19.693,136.21,226.47,406.98,498.88,557.96,562.89,513.65,339.7,231.39,173.95,142.77,106.67,109.95,211.7,205.13,131.29,144.41,121.44,101.75,118.16,187.08,211.7,229.75,196.93,198.57,229.75,134.57,106.6693,147.6959,72.20691,72.20691,47.59092,29.53919
"Umbria","0-2",17.5,40.7,46.6,104.8,116.4,145.5,180.5,203.7,133.9,197.9,122.2,99,52.4,87.3,99,52.4,64,104.8,139.7,133.9,151.3,122.2,180.5,203.7,128.1,69.9,81.5,87.3,64,40.7,99,52.4,29.1,29.1,52.4
"Umbria","03-5",10.2,40.7,61.1,127.2,198.4,167.9,208.6,234,274.8,132.3,122.1,183.2,117,117,106.8,137.4,173,254.4,284.9,335.8,402,234,249.3,290,167.9,167.9,193.3,178.1,173,96.7,157.7,147.6,91.6,96.7,30.5
"Umbria","06-10",26.6,21.3,154.3,199.6,327.3,266.1,476.3,510.9,316.7,335.3,204.9,130.4,101.1,61.2,103.8,194.3,141,319.3,407.1,439.1,412.5,260.8,186.3,212.9,212.9,173,149,167.6,114.4,103.8,103.8,87.8,127.7,103.8,45.2
"Umbria","11-13",24.8,70.2,123.9,318,346.9,483.3,516.3,495.6,239.6,227.2,152.8,107.4,78.5,41.3,119.8,148.7,206.5,338.7,384.1,396.5,421.3,289.1,198.3,190,152.8,165.2,190,136.3,123.9,136.3,128,136.3,103.3,95,49.6
"Umbria","14-18",25.9,67.3,90.6,204.6,437.7,554.2,489.4,442.8,323.7,227.9,147.6,139.8,77.7,75.1,121.7,186.5,204.6,204.6,248.6,440.2,414.3,269.3,217.5,230.5,214.9,176.1,181.3,124.3,145,119.1,98.4,103.6,80.3,88,64.7
"Umbria","19-24",23.3,67.7,196.8,258.2,334.4,457.2,503.7,499.5,319.6,213.8,154.5,154.5,127,97.4,131.2,182,146,137.6,171.4,315.4,279.4,294.2,199,213.8,182,152.4,179.9,148.2,131.2,105.8,93.1,131.2,63.5,84.7,52.9
"Umbria","25-44",20.6,31.6,90.8,178.7,329.7,432.1,486.8,464.7,312.2,223.3,175.1,118.9,126.5,96.4,151.6,178.2,164.6,183.7,215.8,280,254.4,242.9,191.7,180.7,181.7,145.5,152.6,113.4,106.9,88.8,86.3,82.8,75.3,60.7,30.1
"Umbria","45-59",19.7,34,99,158.2,326.7,485.8,522.8,496.6,315.3,212.8,167,130.1,124.7,92.1,155.7,167,169,201,216.3,286.3,310.9,246.8,203.5,193.6,181.8,151.8,135.5,110.9,99,70.5,74.9,66.5,81.3,64.5,40.4
"Umbria","60-69",9,24.4,49.8,131.2,219.8,364.6,399.9,371.8,295.8,193.6,167.4,109.5,97.7,93.2,176.4,156.5,148.4,171,206.3,201.7,209.9,191.8,152.9,152.9,142.9,114.9,117.6,98.6,92.3,69.7,74.2,64.2,57,41.6,16.3
"Umbria","70-79",11.6,16.8,36.8,86.3,205.3,266.3,323.1,344.2,227.4,158.9,103.2,87.4,87.4,73.7,121,102.1,126.3,152.6,197.9,196.8,165.3,156.8,152.6,100,135.8,98.9,109.5,71.6,66.3,77.9,43.2,49.5,53.7,21.1,9.5
"Umbria","80-89",12.7,14.3,28.7,129,275.6,286.7,347.3,415.8,285.1,223,125.8,103.5,122.7,89.2,137,189.6,132.2,186.4,210.3,278.8,202.3,170.4,159.3,114.7,149.7,108.3,92.4,87.6,68.5,39.8,36.6,23.9,41.4,19.1,11.2
"Umbria","90+",19.8,19.8,33,99.1,277.4,416.1,449.2,508.6,343.5,336.9,158.5,66.1,191.6,158.5,218,284,244.4,251,310.5,383.1,277.4,323.7,151.9,165.1,237.8,151.9,105.7,85.9,39.6,79.3,72.7,59.4,39.6,13.2,26.4
"Veneto","0-2",22.728,34.092,38.826,42.614,71.024,116.48,155.31,164.78,182.77,178.98,175.19,195.08,223.49,197.92,184.66,167.62,107.96,89.017,86.176,75.759,80.494,74.812,103.22,122.16,164.78,143,158.15,137.31,105.12,128.7903,127.8433,102.2747,80.49395,59.66022,31.25059
"Veneto","03-5",25.414,19.484,34.733,32.192,50.829,105.89,155.88,141.47,171.97,155.03,166.89,221.11,230.42,239.74,210.94,166.04,110.98,121.99,115.21,105.05,104.2,89.798,105.05,207.55,239.74,160.96,146.56,85.562,86.409,119.448,200.7743,160.1111,118.6008,60.14757,46.59319
"Veneto","06-10",22.069,25.222,32.878,62.604,118,213.93,274.74,269.33,262.58,273.84,311.67,345.45,330.58,308.07,322.03,246.81,146.38,140.52,118,86.474,106.74,114.85,138.27,211.23,237.35,192.77,203.58,147.28,108.99,140.0705,160.338,145.9256,127.9101,78.36744,40.53488
"Veneto","11-13",24.755,43.145,56.583,89.118,169.04,281.5,407.4,424.37,426.5,345.86,407.4,500.76,453.37,373.45,399.62,315.45,175.41,149.95,123.07,106.8,106.8,106.09,141.46,227.75,280.79,267.36,260.99,157.73,155.6,164.091,194.5044,158.4326,154.8962,88.41108,47.38834
"Veneto","14-18",24.529,49.918,96.824,119.2,246.15,365.78,404.51,329.2,326.19,303.38,340.82,426.03,409.24,377.83,443.24,363.2,210.43,136.84,94.242,89.509,95.964,140.72,180.74,257.77,320.6,276.7,292.19,211.29,163.96,160.9433,160.0826,157.931,128.6686,86.06593,63.68879
"Veneto","19-24",45.505,60.906,100.81,137.56,340.93,468.7,529.95,492.5,459.95,469.75,503.35,595.06,586.66,534.15,582.11,445.94,220.87,145.61,102.56,92.759,107.11,140.71,197.07,257.28,323.43,316.08,277.93,236.27,151.21,147.0146,147.0146,116.9116,103.6103,54.60541,46.55461
"Veneto","25-44",37.415,53.258,82.169,132.29,250.89,426.6,488.54,472.34,476.81,456.85,496.15,564.8,555.4,503.66,532.67,404.4,202.56,150.73,112.42,99.802,100.88,120.57,168.54,218.94,279.27,276.58,267.99,202.74,141.33,141.0654,147.331,121.0155,91.47771,57.91202,39.20473
"Veneto","45-59",30.984,36.232,66.716,111.61,227.64,415.54,513.74,516.82,496.92,493.08,531.48,621.02,600.11,556.22,544.48,423.29,219.89,149.42,112.53,88.705,93.786,120.44,168.33,214.31,269.53,293.52,271.78,214.97,147.43,135.0986,132.0168,105.9466,81.45893,53.55633,36.73148
"Veneto","60-69",23.043,22.38,44.761,82.558,168.6,329.4,413.62,408.65,407.82,387.92,455.89,518.39,518.72,471.31,485.07,368.2,181.53,120.36,91.676,76.093,70.622,94.494,128.98,163.79,214.35,232.75,223.47,177.38,111.4,112.2329,104.2755,83.55299,62.49896,36.8031,22.04871
"Veneto","70-79",14.36,17.798,36.202,62.697,124.38,246.94,329.26,381.84,380.02,365.87,413.6,475.69,476.9,442.92,433.21,346.05,190.32,120.34,89.191,76.652,76.854,77.056,108.2,133.28,186.67,195.37,185.87,150.67,93.438,84.94407,77.25865,52.17993,42.47203,24.26973,16.17982
"Veneto","80-89",18.428,32.42,54.602,75.078,138.89,266.87,366.17,477.43,545.34,535.1,602.33,609.49,633.38,516.67,553.19,445.35,284.61,172.34,117.74,97.601,72.348,73.371,102.72,132.07,158.69,175.07,180.53,134.46,89.411,82.5854,52.89561,36.51503,23.54708,11.94417,10.23786
"Veneto","90+",38.162,54.953,96.169,112.96,264.08,465.58,612.12,773.93,1073.1,986.11,1270,1093,1209,830.41,902.15,676.23,519,305.3,164.86,145.02,99.221,71.745,97.695,125.17,119.07,204.55,201.5,212.18,99.221,97.69501,65.63883,53.42696,54.95344,15.26485,13.73836
"Piemonte","0-2",21.686,43.372,55.927,63.917,114.14,147.24,176.91,155.23,103.86,84.461,62.775,54.786,43.372,33.1,46.796,73.048,42.231,50.22,42.231,66.199,60.493,62.775,99.299,191.75,173.49,189.47,187.18,154.08,109.57,116.4198,166.64,157.5091,93.592,24.75179,49.50358
"Piemonte","03-5",19.179,36.339,35.33,86.81,83.782,109.02,174.63,132.23,105.99,65.612,51.48,41.386,48.452,28.264,42.396,62.584,42.396,52.49,69.65,92.866,111.04,75.706,117.09,199.86,182.7,156.46,149.39,128.2,121.13,140.3091,189.7706,204.9118,123.15,19.35956,36.68128
"Piemonte","06-10",15.184,25.487,72.666,167.57,187.63,247.28,309.1,260.3,158.35,126.89,97.611,50.975,65.074,49.348,72.666,69.412,79.716,85.139,101.41,84.596,88.392,108.46,141.54,236.44,249.99,240.23,202.81,200.65,156.18,163.77,169.7351,175.7002,130.15,8.234034,13.82141
"Piemonte","11-13",18.933,37.866,98.108,227.2,335.63,488.82,481.94,342.52,223.76,179.87,126.51,74.012,84.339,52.497,69.709,97.248,123.93,99.83,120.48,133.39,117.9,151.47,227.2,312.4,328.75,308.09,274.53,274.53,185.03,192.7744,158.3504,188.4714,154.91,16.29391,32.58782
"Piemonte","14-18",27.333,36.269,129.83,381.08,504.61,575.04,556.64,389.49,306.97,214.98,141.4,98.819,109.33,80.422,113.01,152.96,128.25,99.87,116.16,119.32,145.07,144.02,227.07,337.98,389.49,386.34,380.56,313.8,232.86,197.1122,179.7663,178.715,124.57,14.36705,19.06397
"Piemonte","19-24",22.712,39.536,81.596,179.6,372.65,629.63,722.17,651.93,499.67,305.77,231.33,130.81,142.16,101.36,153.1,175.81,138.38,105.57,116.51,115.66,129.12,140.48,234.27,356.67,411.34,403.35,404.19,345.73,228.38,222.9167,175.3892,140.4796,115.66,9.552722,16.62881
"Piemonte","25-44",21.619,33.212,68.721,168.04,334.1,510.5,719.38,736.51,613.16,395.62,263.29,181.31,162.82,131.07,161.36,183.5,144.02,115.82,134.31,133.26,130.34,152.8,214.21,326.16,373.89,395.2,373.27,324.6,215.25,192.482,161.9857,164.0745,100.58,2.257876,3.468621
"Piemonte","45-59",18.034,25.209,57.98,151.06,315.11,503.01,739.1,790.2,658.63,428.06,285.05,193.53,162.98,125.75,155.71,177.33,146.11,130.02,128.86,130.31,127.01,142.53,219.22,322.67,382.01,408.48,395.19,346.91,229.4,185.187,150.3796,135.4483,88.618,1.748506,2.444148
"Piemonte","60-69",13.256,15.585,44.426,112.86,216.4,341.97,477.94,553.53,502.66,345.74,235.57,150.65,141.34,116.98,128.26,160.51,123.07,115.01,123.07,115.9,111.24,118.05,191.5,282.86,307.4,345.02,331.22,306.32,210.67,176.9877,141.8767,122.5299,65.027,2.374673,2.791845
"Piemonte","70-79",12.358,20.946,34.142,83.994,190.4,292.62,423.74,513.81,447.62,334.09,222.45,154.37,130.91,107.66,128.4,150.18,118.76,104.31,100.54,99.075,104.1,115.62,178.88,234.18,301.41,320.27,289.06,283.19,187.26,148.7173,133.8455,104.1021,50.899,2.588559,4.387388
"Piemonte","80-89",16.954,29.67,45.971,100.09,246.16,380.81,597.3,721.52,623.71,545.79,418.31,285.94,237.36,169.87,182.91,223.01,158.13,149,129.76,126.83,102.05,116.4,176.71,219.1,276.81,297.35,285.28,257.57,157.48,122.9166,99.11578,60.64321,26.083,5.527666,9.673416
"Piemonte","90+",23.188,71.111,68.019,183.96,462.22,643.09,1007.9,1352.6,1043.5,1049.7,865.69,593.62,496.23,282.9,335.46,398.84,205.6,208.69,199.42,165.41,134.49,117.49,174.68,224.15,285.99,315.36,248.89,253.52,148.4,132.9458,95.84467,69.56468,41.739,35.84626,109.9285
"Friuli Venezia Giulia","0-2",4.2588,12.776,46.846,34.07,51.105,85.175,132.02,140.54,114.99,59.623,149.06,119.25,123.5,127.76,110.73,110.73,140.54,89.434,97.952,110.73,97.952,89.434,85.175,178.87,187.39,140.54,102.21,144.8,106.47,102.2,51.1,80.9,63.9,34.1,29.8
"Friuli Venezia Giulia","03-5",15.053,15.053,26.343,33.869,75.264,63.975,79.028,120.42,127.95,143,222.03,116.66,94.08,105.37,86.554,116.66,67.738,176.87,165.58,112.9,252.14,94.08,158.06,180.63,188.16,146.77,150.53,139.24,71.501,109.1,143,105.4,90.3,45.2,18.8
"Friuli Venezia Giulia","06-10",11.94,29.85,75.62,71.64,83.58,147.26,199,187.06,226.86,210.94,284.57,250.74,264.67,139.3,155.22,206.96,167.16,145.27,191.04,183.08,139.3,131.34,135.32,304.47,380.09,314.42,212.93,127.36,113.43,125.4,149.3,91.5,95.5,53.7,25.9
"Friuli Venezia Giulia","11-13",15.646,12.516,71.969,84.486,156.46,194,240.94,253.46,312.91,322.3,309.78,316.04,316.04,256.59,206.52,294.14,281.62,206.52,325.43,222.17,187.75,225.3,215.91,250.33,359.85,281.62,259.72,253.46,140.81,153.3,122,112.6,46.9,34.4,15.6
"Friuli Venezia Giulia","14-18",34.235,64.666,106.51,125.53,195.9,262.47,228.23,279.58,323.33,298.6,399.41,252.96,285.29,186.39,291,344.25,300.51,222.53,233.94,197.8,195.9,171.17,239.64,317.62,511.62,490.7,389.9,311.92,154.06,228.2,127.4,95.1,59,32.3,30.4
"Friuli Venezia Giulia","19-24",34.232,54.459,88.691,84.023,239.62,340.76,334.54,396.78,455.9,497.91,413.89,354.76,420.12,306.53,468.35,502.58,284.75,290.97,228.73,194.5,149.37,150.93,290.97,401.44,491.69,533.7,389,308.08,191.39,161.8,94.9,57.6,59.1,66.9,35.8
"Friuli Venezia Giulia","25-44",28.204,32.397,65.175,103.29,223.73,320.92,362.46,432.97,517.21,470.33,450.13,429.93,448.6,357.89,511.49,517.59,337.31,288.9,234.02,218.39,168.84,189.43,269.47,380,490.91,426.5,363.99,246.98,148.26,134.5,108.2,81.6,64.8,32.8,23.6
"Friuli Venezia Giulia","45-59",21.425,25.846,64.616,93.183,206.43,306.76,373.75,417.96,531.89,525.09,491.42,420.68,432.59,370.69,498.9,504.34,336,309.82,249.96,216.29,183.99,169.7,275.81,390.08,498.9,514.21,392.46,292.13,172.08,134,101.7,72.4,41.5,32.6,18.7
"Friuli Venezia Giulia","60-69",17.973,14.122,23.75,69.966,159.83,217.6,283.72,334.43,419.8,416.59,383.85,293.99,356.25,291.42,379.36,408.24,283.72,250.98,245.2,166.89,137.37,132.23,235.58,372.94,419.8,396.05,304.9,225.95,126.45,95,86,52,40.4,23.8,10.3
"Friuli Venezia Giulia","70-79",8.486,12.022,17.679,43.844,142.85,188.81,274.38,300.55,391.06,403.79,345.1,263.07,259.53,268.02,357.83,379.75,301.96,255.29,222.05,174.67,123.05,109.61,214.27,316.1,383.99,362.07,265.19,203.66,131.53,91.9,67.9,36.8,28.3,14.1,9.9
"Friuli Venezia Giulia","80-89",9.603,10.803,21.607,38.412,170.45,228.07,348.11,447.74,566.58,543.77,519.76,444.14,343.31,331.3,488.55,480.15,470.55,332.51,331.3,242.48,117.64,135.64,210.07,205.26,246.08,314.5,250.88,190.86,111.64,85.2,68.4,40.8,34.8,12,8.4
"Friuli Venezia Giulia","90+",34.677,4.9539,34.677,59.447,267.51,510.25,589.52,901.61,1233.5,1144.4,946.2,738.14,639.06,510.25,663.83,827.31,698.5,658.87,450.81,406.22,173.39,173.39,237.79,203.11,242.74,297.24,312.1,257.6,153.57,113.9,128.8,59.4,39.6,29.7,0
"P.A. Trento","0-2",60.359,30.18,30.18,52.814,60.359,90.539,82.994,113.17,60.359,135.81,82.994,60.359,30.18,7.5449,90.539,52.814,82.994,105.63,256.53,158.44,226.35,143.35,301.8,294.25,309.34,279.16,248.98,143.35,60.359,135.8,105.6,120.7,75.4,75.4,7.5
"P.A. Trento","03-5",13.737,20.606,41.212,54.949,27.474,34.343,48.08,123.63,116.77,103.03,109.9,116.77,54.949,13.737,20.606,41.212,61.817,103.03,267.88,185.45,144.24,226.66,549.49,364.04,425.85,357.17,240.4,109.9,116.77,75.6,109.9,144.2,144.2,130.5,34.3
"P.A. Trento","06-10",11.164,22.329,33.493,96.759,52.101,122.81,104.2,133.97,107.92,133.97,145.14,141.42,63.265,18.607,59.544,89.316,78.151,111.64,186.07,197.24,111.64,234.45,349.82,357.26,349.82,312.6,279.11,104.2,74.43,134,85.6,78.2,100.5,85.6,89.3
"P.A. Trento","11-13",60.376,66.413,60.376,30.188,102.64,150.94,205.28,235.46,169.05,301.88,187.16,169.05,108.68,30.188,78.488,193.2,108.68,132.83,229.43,163.01,132.83,193.2,344.14,507.15,398.48,307.92,259.61,181.13,96.601,126.8,144.9,90.6,96.6,114.7,42.3
"P.A. Trento","14-18",42.895,60.769,75.067,210.9,325.29,382.48,228.78,193.03,146.56,250.22,135.84,178.73,107.24,50.045,157.28,164.43,210.9,175.16,189.45,146.56,239.5,300.27,361.04,350.31,428.95,268.1,214.48,193.03,128.69,143,135.8,125.1,96.5,78.6,57.2
"P.A. Trento","19-24",75.7,43.673,66.966,101.9,314.45,305.71,291.15,241.66,122.28,195.07,197.99,270.77,197.99,75.7,171.78,337.74,291.15,247.48,285.33,244.57,221.28,305.71,436.73,428,425.09,294.07,262.04,227.1,128.11,125.2,148.5,113.6,116.5,99,67
"P.A. Trento","25-44",67.129,55.283,48.965,91.612,260.62,272.47,275.63,258.25,204.55,205.34,253.51,345.91,217.18,99.51,236.93,410.67,321.43,229.03,281.15,293.79,293,366.45,405.94,377.5,356.18,300.9,290.63,196.65,132.68,119.3,121.6,101.9,95.6,71.1,64
"P.A. Trento","45-59",39.214,39.998,54.899,104.31,226.65,307.43,365.47,309.79,248.61,271.36,305.08,384.29,265.08,126.27,279.98,478.41,344.29,215.67,243.12,295.67,287.83,333.32,427.43,367.82,388.21,338.8,269,216.46,116.07,133.3,109.8,99.6,87.1,73.7,54.1
"P.A. Trento","60-69",20.887,38.79,28.347,70.121,177.54,240.2,262.58,241.69,232.74,229.76,250.65,329.72,216.33,92.5,265.56,432.66,325.24,174.56,207.38,232.74,256.61,311.81,311.81,311.81,273.02,235.73,253.63,158.15,126.81,97,108.9,59.7,50.7,31.3,31.3
"P.A. Trento","70-79",24.849,36.318,32.495,61.167,126.16,210.26,345.97,338.33,300.1,313.48,302.01,317.3,254.22,164.39,342.15,355.53,277.16,198.79,210.26,240.84,256.14,300.1,303.92,284.81,240.84,204.53,212.17,129.98,114.69,66.9,74.5,45.9,40.1,38.2,28.7
"P.A. Trento","80-89",9.8477,65.651,52.521,118.17,226.5,384.06,718.88,689.34,630.25,669.64,666.36,751.71,423.45,269.17,436.58,551.47,426.73,256.04,249.47,302,246.19,249.47,292.15,216.65,279.02,223.21,144.43,118.17,65.651,72.2,36.1,36.1,9.8,26.3,13.1
"P.A. Trento","90+",0,214.59,63.115,113.61,429.18,870.99,1199.2,1426.4,1009.8,1540,1704.1,1136.1,870.99,934.11,820.5,795.25,605.91,391.32,366.07,214.59,201.97,214.59,340.82,214.59,201.97,252.46,189.35,164.1,37.869,50.5,63.1,63.1,50.5,37.9,12.6
