"regione","età","39","40","41","42","43","44","45","46","47","48","49","50","51","52","53","1","2","3","4","5","6","7","8","9","10","11","12","13","14","15","16","17","18","19","20","21","22","23","24","25","26"
"Emilia-Romagna","90+",8.369718359,12.55457754,62.77288769,159.0246488,304.099767,320.8392038,506.3679607,493.8133832,597.0399096,644.4683136,583.090379,591.4600974,523.1073974,394.7717159,542.6367403,404.5363874,442.20012,447.7799322,305.4947201,238.5369732,216.2177243,209.242959,231.5622079,309.6795793,322.2341568,319.4442507,280.385565,219.0076304,170.1842733,124.1508223,82.30223053,65.56279381,62.77288769,50.21831015,22.31924896,15.34448366,9.764671419,8.369718359,2.78990612,2.78990612,0
"Emilia-Romagna","80-89",10.75030403,17.46924405,47.03258014,81.97106824,160.5826665,216.6858156,321.837227,315.7901809,367.1900721,304.3679829,276.1484348,245.5772577,268.0857068,215.0060806,333.259425,302.3523009,235.8347947,212.9903986,169.9891825,147.4807334,152.8558855,164.6140305,240.2021057,272.7889648,287.9065799,260.0229788,212.3185046,152.1839915,107.8389873,76.25996923,56.77504317,46.69663314,34.2665941,20.15682006,10.75030403,8.062728024,3.023523009,3.695417011,2.351629007,3.35947001,2.351629007
"Emilia-Romagna","70-79",11.15658818,16.1879907,35.43857423,63.65817964,122.72247,169.3176324,247.851263,255.0702318,274.539572,218.9753877,181.3492471,157.9422876,160.7861238,171.5051988,235.6008917,236.0384049,170.8489289,136.7228944,121.6286869,115.9410145,128.4101424,155.3172081,239.9760243,278.0396781,298.6028014,262.5079573,224.6630601,171.5051988,119.0036073,99.75302376,72.18968825,65.62698932,50.53278177,26.90706562,21.43814984,10.28156166,7.656482087,4.812645883,4.593889252,3.062592835,2.406322942
"Emilia-Romagna","60-69",9.959222517,18.07414457,33.38183844,71.00556794,148.4661875,219.8406156,296.5635149,312.4244989,301.9119863,244.3698118,212.2789836,178.8971452,184.2456166,190.5162381,269.8211582,263.1816765,191.4383884,154.5523791,151.2326382,135.9249443,145.5153068,188.8563677,295.4569347,346.1751975,344.8841872,300.9898361,265.5792671,209.696963,138.506965,115.4532092,113.4244787,83.73124116,67.6858271,45.9230816,33.56626848,18.81186475,12.35681312,7.377201864,3.504170886,3.135310792,4.241891072
"Emilia-Romagna","45-59",15.25781521,24.37529015,51.9137859,90.24439485,208.1203209,324.3216087,414.7520745,416.6127836,394.0982026,313.1573537,290.2706308,239.9384477,232.2165047,230.8209728,307.5752261,302.3652405,216.6795831,184.1171726,189.885371,205.8874699,210.3531719,256.3126885,397.9126565,476.1554771,478.2952927,389.2603588,336.7883601,260.2201777,178.2559387,159.9279533,147.275131,123.551089,98.52455066,68.00892024,49.77397035,36.00472248,23.91011286,16.00209888,10.97818412,9.024439485,7.163730313
"Emilia-Romagna","25-44",20.04615411,30.21310309,57.35693856,111.1650364,244.2945192,335.9888893,421.2569802,423.2711871,410.7063728,331.0013294,296.1843249,239.7865324,258.7776258,247.1719576,324.3832211,328.9871225,224.9197674,182.4295939,184.3478861,199.1187365,215.8078792,291.5804234,424.2303332,489.0686116,467.7755675,385.1930857,325.0546234,259.2571989,187.3212391,178.2093509,162.0956959,145.214724,124.7849115,82.774311,58.89157237,36.06389448,30.88450538,22.63584866,15.15450885,10.16694898,11.7974974
"Emilia-Romagna","19-24",26.37185135,67.16580889,71.28641067,144.221062,341.1858268,484.9948286,569.467165,510.1304995,442.5526304,360.1405949,319.7586976,238.1707825,268.6632356,247.6481665,336.6531648,379.9194834,247.2361064,192.844163,185.8391399,224.1607364,238.9949028,323.055179,502.3013561,639.1053349,602.8440393,487.8792499,387.7486268,302.0401099,221.6883754,210.1506904,204.7939081,168.1205523,132.6833771,104.663285,78.70349386,53.97988322,40.79395755,37.90953631,27.60803188,28.02009205,18.1306478
"Emilia-Romagna","14-18",22.94035508,32.41571913,82.78475962,158.0889687,335.6273688,463.2954319,451.326551,358.0690205,310.1934969,276.2816677,267.8037104,198.9826451,202.4735687,189.0085777,243.3672452,296.7285059,236.8841013,191.5020946,219.9281867,276.2816677,324.6558947,353.0819868,498.2046679,561.0412926,529.6229803,403.9497307,358.0690205,277.7777778,224.9152204,223.4191103,209.9541193,192.9982047,147.6161979,100.2393776,92.26012368,55.85477758,50.36904049,40.89367644,25.43387193,15.95850788,19.44943148
"Emilia-Romagna","11-13",10.3550178,21.50657544,50.18200935,129.8359924,224.6242323,353.663685,411.0145528,378.3564197,383.1356587,359.2394638,346.4948265,277.1958612,253.2996662,199.1349577,272.4166222,306.6678349,247.7238874,234.9792501,246.9273476,288.3474188,320.2090121,379.9494994,477.9238986,598.2014131,531.2920673,421.3695706,318.6159324,259.6719849,183.2041611,205.5072764,222.2346128,227.0138518,184.000701,105.1432577,73.28166445,53.36816868,30.26851358,27.08235425,8.761938141,8.761938141,11.15155763
"Emilia-Romagna","06-10",16.29702061,19.75396437,42.4710234,57.28649668,124.4499756,215.8120608,256.3076877,281.0001432,299.2725603,255.8138386,302.2356549,200.9965875,207.4166259,195.0703982,236.0598743,233.5906287,192.1073035,200.0088893,201.4904366,262.7277262,294.8279183,367.4237374,459.7735208,538.7893783,464.7120119,355.0775096,293.3463709,235.072176,191.1196053,193.0950018,224.7013448,217.7874572,179.7610758,134.3269577,77.53431017,34.07558854,25.68015369,22.22320992,16.79086972,7.40773664,5.926189312
"Emilia-Romagna","03-5",12.80831443,14.63807363,27.44638806,36.59518407,91.48796018,100.6367562,122.5938666,160.1039303,184.8056796,162.8485691,161.0188099,177.4866428,155.5295323,131.7426627,182.0610408,191.2098368,148.2104955,232.3794189,247.9323721,199.4437532,201.2735124,270.8043621,350.3988875,431.8231721,505.0135402,353.1435263,253.4216497,204.0181512,167.4229671,171.0824855,221.4008636,196.6991144,171.9973651,100.6367562,61.29693332,32.93566567,25.61662885,22.87199005,12.80831443,6.404157213,10.06367562
"Emilia-Romagna","0-2",14.36899581,14.36899581,39.00156006,48.23877166,74.92404959,91.34575909,141.6372444,173.4543066,165.2434518,133.4263897,166.2698087,133.4263897,117.0046802,125.2155349,169.3488792,161.1380245,145.7426718,140.6108876,124.1891781,138.5581739,160.1116676,226.8248625,260.6946383,360.2512522,351.0140406,315.091551,282.248132,257.6155678,177.559734,185.7705887,141.6372444,186.7969456,141.6372444,80.05583381,53.37055587,26.68527794,27.71163478,21.55349372,11.28992528,15.39535266,4.105427375
