"regione","età","39","40","41","42","43","44","45","46","47","48","49","50","51","52","53","1","2","3","4","5","6","7","8","9","10","11","12","13","14","15"
"Friuli Venezia Giulia","90+",34.677,4.9539,34.677,59.447,267.51,510.25,589.52,901.61,1233.5,1144.4,931.34,738.14,624.19,510.25,663.83,822.35,698.5,653.92,450.81,406.22,168.43,173.39,232.83,203.11,242.74,282.37,307.14,237.79,143.66,109
"Friuli Venezia Giulia","80-89",9.603,10.803,21.607,38.412,170.45,228.07,348.11,447.74,566.58,543.77,519.76,442.94,342.11,324.1,488.55,477.75,466.95,330.1,322.9,242.48,117.64,133.24,208.87,202.86,242.48,308.5,246.08,186.06,106.83,80.4
"Friuli Venezia Giulia","70-79",8.486,12.022,17.679,43.844,142.85,188.81,274.38,300.55,391.06,403.79,345.1,263.07,258.82,268.02,355.71,376.92,301.25,254.58,222.05,173.26,122.34,109.61,213.56,313.98,380.46,354.29,260.24,203.66,130.83,82.7
"Friuli Venezia Giulia","60-69",17.973,14.122,23.75,69.966,159.83,217.6,283.72,334.43,419.8,416.59,383.85,293.99,354.97,290.14,378.72,406.32,280.51,249.7,245.2,166.89,136.72,132.23,234.29,369.09,414.02,392.2,300.41,224.66,123.89,89.9
"Friuli Venezia Giulia","45-59",21.425,25.846,64.616,93.183,206.43,306.76,373.75,417.96,531.89,525.09,491.42,420.68,432.25,370.69,498.56,501.96,334.3,307.1,248.6,214.93,183.31,169.36,275.47,389.4,496.18,510.13,390.42,290.77,171.06,126.9
"Friuli Venezia Giulia","25-44",28.204,32.397,65.175,103.29,223.73,320.92,362.46,432.97,517.21,470.33,449.74,428.78,448.6,357.89,511.11,514.92,335.4,288.14,230.97,218.01,168.08,189.05,268.32,376.18,486.72,422.3,361.7,245.84,146.36,130.7
"Friuli Venezia Giulia","19-24",34.232,54.459,88.691,84.023,239.62,340.76,334.54,396.78,455.9,497.91,413.89,353.21,420.12,306.53,466.8,497.91,283.19,290.97,228.73,192.94,149.37,149.37,284.75,399.89,488.58,530.59,389,304.97,188.27,157.2
"Friuli Venezia Giulia","14-18",34.235,64.666,106.51,125.53,195.9,262.47,228.23,279.58,323.33,298.6,399.41,252.96,283.39,186.39,289.09,342.35,292.9,222.53,230.13,197.8,197.8,171.17,233.94,315.72,500.21,479.29,387.99,310.02,154.06,213
"Friuli Venezia Giulia","11-13",15.646,12.516,71.969,84.486,156.46,194,240.94,253.46,312.91,322.3,309.78,316.04,316.04,256.59,206.52,294.14,278.49,206.52,316.04,215.91,187.75,225.3,212.78,250.33,347.33,278.49,259.72,253.46,140.81,153.3
"Friuli Venezia Giulia","06-10",11.94,29.85,75.62,71.64,83.58,147.26,199,187.06,226.86,210.94,282.58,250.74,264.67,139.3,155.22,206.96,159.2,143.28,191.04,181.09,139.3,131.34,135.32,302.48,368.15,308.45,208.95,127.36,113.43,123.4
"Friuli Venezia Giulia","03-5",15.053,15.053,26.343,33.869,75.264,63.975,79.028,120.42,127.95,143,222.03,116.66,94.08,105.37,86.554,112.9,67.738,176.87,165.58,112.9,252.14,94.08,158.06,180.63,180.63,146.77,146.77,131.71,67.738,101.6
"Friuli Venezia Giulia","0-2",4.2588,12.776,46.846,34.07,51.105,85.175,132.02,140.54,114.99,59.623,149.06,119.25,123.5,127.76,110.73,110.73,136.28,89.434,97.952,110.73,97.952,89.434,85.175,178.87,183.13,140.54,102.21,144.8,106.47,98
