"Settimana","regione","0-2","3-5","6-10","11-13","14-18","19-24","25-44","45-64","65-79","80-84","85+"
"1","Lazio",108.98,86.876,148.24,207.69,244.81,243.19,237.45,218.98,174.49,207.81,241.89
"2","Lazio",69.713,86.876,116.34,150.34,158.81,164.58,161.09,161.69,140.37,158.66,236.25
"3","Lazio",82.533,110.51,106.2,137.66,136.55,153.22,140.58,142.33,117.89,164.98,218.83
"4","Lazio",73.719,113.29,135.85,131.62,148.24,140.02,137.15,137.18,110.58,133.35,158.87
"5","Lazio",76.924,114.68,156.49,139.47,143.34,131.42,128.15,126.94,103.39,132.86,138.37
"6","Lazio",89.745,101.47,140.73,159.39,144.85,121.6,123.44,118.22,87.758,101.23,125.56
"7","Lazio",79.328,113.29,136.6,134.64,152.02,116.99,119.87,112.34,80.797,87.601,104.55
"8","Lazio",109.78,162.63,170.75,204.67,220.29,190.99,178.44,155.93,108.64,106.58,118.9
"9","Lazio",147.44,173.75,222.17,252.98,247.45,208.8,187.59,172.09,121.42,127.02,130.17
