"regione","età","39","40","41","42","43","44","45","46","47","48"
"Piemonte","85+",44,93,108,249,621,920,1496,1803,1489,1444
"Piemonte","65-84",,,,,,,,,,
"Piemonte","45-64",227,311,733,1921,3953,6308,9192,9889,8337,5446
"Piemonte","25-44",207,318,650,1604,3195,4872,6864,7041,5849,3778
"Piemonte","19-24",54,94,194,429,879,1497,1708,1553,1179,719
"Piemonte","14-18",52,69,245,724,960,1095,1058,741,578,406
"Piemonte","11-13",22,44,114,264,390,567,559,399,260,208
"Piemonte","06-10",28,47,133,309,345,455,570,481,290,234
"Piemonte","0-5",,,,,,,,,,
