"Settimana","regione","0-2","3-5","6-10","11-13","14-18","19-24","25-44","45-64","65-79","80-84","85+"
"1","Lombardia",51.27,59.307,87.822,134.57,162.31,205.98,183.96,173.93,143.05,174.11,248.06
"2","Lombardia",52.147,60.485,87.609,99.228,116.02,140.85,134.15,134.16,119.24,147.77,199.73
"3","Lombardia",59.158,89.942,101.22,98.888,95.946,128.69,124.66,122.92,99.667,124.32,158.39
"4","Lombardia",81.069,99.761,114.61,113.5,109.26,109.76,119.86,117.53,90.682,124.32,135.48
"5","Lombardia",59.158,106.83,112.28,132.19,118.98,128,127.34,117.6,90.874,107.2,138.55
"6","Lombardia",85.012,115.08,143.11,151.56,158.92,148.66,143.51,139.09,105.12,124.32,122.91
"7","Lombardia",97.72,135.11,160.97,198.8,232.89,198.33,183.63,171.33,126.49,119.06,143.3
"8","Lombardia",117.88,161.42,199.88,285.45,314.68,302.36,275.15,252.91,189.51,185.96,195.82
"9","Lombardia",159.95,170.46,237.95,304.14,336.66,368.36,320.5,305.2,231.42,247.33,236.88
