"regione","età","39","40","41","42","43","44","45","46","47","48"
"Umbria","85+",7.44509244323117,14.89018488646234,34.7437647350788,134.01166397816107,297.80369772924684,352.4010423129421,397.0715969723291,496.3394962154114,387.1448070480208,287.8769078049386
"Umbria","65-84",11.222984672609504,18.704974454349173,32.06567049317002,91.38716090553453,204.68586331473526,279.5057611321319,344.70595780157765,356.46337031573995,257.5942196284658,179.03332692019924
"Umbria","45-64",17.83518768689,29.978294197112973,74.37652737511573,160.89616126045445,297.8855815789074,485.7242604089191,512.2873059000318,485.34478833047467,307.7518556184636,216.67855679179124
"Umbria","25-44",21.73644559713474,33.592688650117324,73.60750895393356,176.8556255403236,332.96282573792763,466.34556008398175,522.1687044584414,471.2856613560578,369.025565024083,230.70272940595282
"Umbria","19-24",20.8929653385705,83.571861354282,200.57246725027682,296.6801078077012,344.7339280864133,497.252575057978,509.7883542611203,507.69905772726327,384.4305622296973,229.82261872427551
"Umbria","14-18",28.150991682661548,74.21625079974409,79.33461292386437,207.2936660268714,409.4689699296225,586.0524632117723,470.8893154190659,442.7383237364043,363.40371081254,230.32629558541268
"Umbria","11-13",20.39151712887439,69.33115823817292,97.87928221859706,314.0293637846656,322.18597063621536,509.7879282218597,481.2398042414356,522.0228384991843,244.69820554649263,220.2283849918434
"Umbria","06-10",28.868360277136258,26.243963888305693,144.3418013856813,173.21016166281757,351.66911610329623,267.68843166071804,425.1522149905522,543.2500524879277,335.92273777031284,333.29834138148226
"Umbria","0-5",16.058667665872655,50.85244760859674,56.205336830554295,104.38133982817224,147.20445360383266,190.02756737949306,198.05690121242938,235.5271257661323,211.43912426732328,160.58667665872656
