"Settimana","regione","0-2","3-5","6-10","11-13","14-18","19-24","25-44","45-64","65-79","80-84","85+"
"1","Piemonte",73.048,62.584,69.955,96.387,152.96,175.81,183.5,175.35,150.69,194.26,315.45
"2","Piemonte",42.231,42.396,79.716,123.93,128.25,138.38,143.92,142.31,117.92,152.03,181.91
"3","Piemonte",50.22,52.49,85.139,99.83,99.87,105.57,115.82,128.24,105.03,135.66,184.11
"4","Piemonte",42.231,69.65,101.95,119.62,116.16,116.51,134.31,128.09,107.58,125.63,158.83
"5","Piemonte",66.199,92.866,84.596,133.39,119.32,115.66,133.26,129.38,100.73,114.55,153.33
"6","Piemonte",60.493,111.04,88.392,117.9,145.07,129.12,130.24,123.78,106.1,106.1,109.36
"7","Piemonte",62.77536,75.70634,108.4569,151.4656,144.0233,140.059,152.795,137.923,114.6986,112.4372,120.905
"8","Piemonte",99.2992,117.0925,141.5363,222.8954,227.5989,234.2728,213.6832,215.5803,178.2261,178.4215,174.2132
"9","Piemonte",170.0641,190.78,231.0133,309.816,334.8279,355.4049,323.9714,315.2418,242.9623,218.54,214.8812
