"Regione","39","40","41","42","43","44","45","46","47","48","49","50","51","52","53","1","2","3","4","5","6","7","8","9","10","11","12","13","14","15","16"
"Lazio",29.2,37.1,70.6,142.6,190.7,349.8,373.5,358.7,315.3,235.8,194.4,161.4,165.6,158.2,214,210.3,154.5,138.3,132.1,125.5,116.9,111.4,157.8,180.5,212.3,215.9,215.3,200.6,154.7,146.3,138.6
"Lombardia",14.7,21.7,66.2,165.1,358.8,527.2,595.7,553.5,459.2,285.6,198.5,149.4,147.9,110.1,137.4,164.9,127.5,116.2,112.4,115.3,133.8,166.4,242.7,288.4,317.3,286,271.8,231.5,152.1,143.2,133.9
"Campania",30.7,43.1,82.4,154.6,235,334.5,453.3,433.5,401,278.6,188.7,146,105.6,86.3,112.6,130.8,119.4,109.7,133.7,161.4,165.7,162.1,226.5,284.7,275.8,243.5,231.4,220.4,198.8,230.1,218.2
"Piemonte",18.5,28.8,61.9,153.1,289.9,439.8,602.9,629.8,523.6,361.7,249.7,167.5,150.1,115.3,141.4,166.2,131.8,115,121.4,120.6,119.3,132.6,200.2,294.8,340.3,357.8,340,303.6,204.1,177,150.9
"Sicilia",15.8,23.1,39.5,65.3,104.2,136.3,204.7,230.7,239.3,188.5,147.3,115.2,115.1,125.2,174.1,249,237.4,171.6,135.1,101.9,73.2,66.3,67.6,79.8,92,103.6,127.4,149.6,162.4,175.4,156.8
"Marche",10.4,17.1,31.4,61.7,143.4,231.2,253.7,301.6,208.5,199.2,180.3,159.7,161.6,157.7,230.6,252.5,205.2,186.4,179.2,173,173.7,193.9,296.2,342.9,340.5,321.5,247,212.4,147.8,135.8,119.1
"Puglia",14,18.2,35.4,52.2,98.8,146.2,197,242.4,252.9,250.1,219.9,173.3,180.6,142.1,168.4,206,193,168.1,172.5,155.2,152.1,136.1,178.2,218.7,257.3,283.9,315.8,320.6,245.1,231.9,205
"Toscana",20.3,37.5,87.9,169.9,293.5,438.1,445.1,442.9,335,192.2,134.3,97.8,90.3,71.4,84.3,87.4,76.1,84.5,98.7,118.6,128.5,168.4,213.7,227.4,244.8,249.3,251.8,261.9,200.6,189.3,164.1
"Umbria",18,33.5,86.2,162.6,296.9,399.4,447.2,439,295.5,214.2,157.5,120,112.5,89.3,144.6,164.1,157.8,193,226.3,283.2,272.9,229.2,186.1,177.3,171.8,138.9,138.9,111.6,100.7,81.5,79.6
"Veneto",28.9,38.1,64.5,101.3,203.7,355.7,434.4,438.8,441.9,427.9,475.1,539.7,534.1,481.3,495.5,384.4,205.6,143.3,107,90.8,91.5,109.8,149.9,197.8,249,251.3,241,186.1,128.5,128.2,129.6
"Emilia-Romagna",15.8,25.7,50.4,94.4,204.1,293.7,371.1,368,359.9,295.5,271,222.4,227.4,216.7,292.7,293.7,214.3,183.7,180.6,191.3,204.7,256.8,375.8,444.9,435.9,358.9,303.7,237.7,170,156.7,145.3
"Friuli Venezia Giulia",21,26.2,54.8,81,184.9,263.9,317.9,371.4,458.4,444,423.4,360,372.6,308.3,419.7,438.3,312.3,273.1,240.5,201.4,160.3,156.6,241.4,341.9,428.8,411.3,325.2,242.3,144.7,125.6,95.5
"P.A. Trento",41.4,47.5,47.9,93.9,211.3,272.5,320.8,301.4,246.3,277.9,291.7,346.6,228.9,119.4,252.4,383.8,297.2,204.6,244.4,257.2,254.9,310.1,378,348.2,344.4,286.5,254,178.5,114.8,112.5,107.2
